NP_001353106.1	NP_524160.2	39.734	901	451	19	1986	2829	1237	2102	0.0	679
NP_001353106.1	NP_001246834.1	39.734	901	451	19	1986	2829	1237	2102	0.0	679
NP_001353106.1	NP_001263029.1	40.183	219	126	4	2072	2287	1157	1373	3.22e-44	178
NP_001353106.1	NP_733239.1	40.183	219	126	4	2072	2287	1161	1377	3.29e-44	178
NP_001353106.1	NP_001162740.1	36.797	231	138	6	2062	2287	1277	1504	5.34e-41	168
NP_001353106.1	NP_572888.2	36.797	231	138	6	2062	2287	1326	1553	5.62e-41	168
NP_001353106.1	NP_599109.1	37.313	134	78	4	2150	2281	3593	3722	1.90e-18	94.4
NP_001353106.1	NP_476769.1	37.313	134	78	4	2150	2281	3593	3722	1.90e-18	94.4
NP_001353106.1	NP_599108.1	37.313	134	78	4	2150	2281	3225	3354	2.53e-18	94.0
NP_001353106.1	NP_476770.1	37.313	134	78	4	2150	2281	3225	3354	2.53e-18	94.0
NP_001353106.1	NP_001014621.1	37.313	134	78	4	2150	2281	3225	3354	2.53e-18	94.0
NP_001353106.1	NP_524021.2	29.947	187	105	4	2096	2262	562	742	6.12e-18	91.7
NP_001353106.1	NP_001137932.1	29.947	187	105	4	2096	2262	562	742	6.12e-18	91.7
NP_001353106.1	NP_001261682.1	29.947	187	105	4	2096	2262	567	747	6.38e-18	91.7
NP_001353106.1	NP_726773.2	32.639	144	93	2	2140	2281	2286	2427	1.20e-16	88.2
NP_001353106.1	NP_525040.2	32.639	144	93	2	2140	2281	2265	2406	1.26e-16	88.2
NP_001353106.1	NP_001259088.1	29.651	172	105	6	2118	2281	1457	1620	2.81e-16	87.0
NP_001353106.1	NP_569834.1	29.651	172	105	6	2118	2281	1437	1600	3.18e-16	86.7
NP_001353106.1	NP_524357.2	30.263	152	85	5	2152	2284	485	634	3.32e-16	85.9
NP_001353106.1	NP_001163851.1	33.333	132	81	4	2157	2285	1514	1641	3.37e-16	86.7
NP_001353106.1	NP_001163850.1	33.333	132	81	4	2157	2285	1514	1641	3.37e-16	86.7
NP_001353106.1	NP_001163849.1	33.333	132	81	4	2157	2285	1514	1641	3.37e-16	86.7
NP_001353106.1	NP_001163848.1	33.333	132	81	4	2157	2285	1514	1641	3.37e-16	86.7
NP_001353106.1	NP_001163847.1	33.333	132	81	4	2157	2285	1514	1641	3.37e-16	86.7
NP_001353106.1	NP_001163846.1	33.333	132	81	4	2157	2285	1514	1641	3.37e-16	86.7
NP_001353106.1	NP_001104406.1	33.333	132	81	4	2157	2285	1514	1641	3.37e-16	86.7
NP_001353106.1	NP_001015222.1	33.333	132	81	4	2157	2285	1514	1641	3.37e-16	86.7
NP_001353106.1	NP_001015221.1	33.333	132	81	4	2157	2285	1514	1641	3.37e-16	86.7
NP_001353106.1	NP_648681.1	57.143	56	22	1	2582	2635	851	906	2.03e-15	84.3
NP_001353106.1	NP_001261819.1	57.143	56	22	1	2582	2635	851	906	2.03e-15	84.3
NP_001353106.1	NP_651288.1	35.106	94	61	0	2704	2797	945	1038	8.71e-14	78.6
NP_001353106.1	NP_001097743.1	28.977	176	112	5	2121	2284	88	262	8.09e-13	72.0
