NP_001353106.1	NP_001333336.1	66.341	1227	294	16	1820	2949	1738	2942	0.0	1617
NP_001353106.1	NP_001333336.1	35.727	571	195	22	706	1216	600	1058	8.32e-46	185
NP_001353106.1	NP_001333336.1	39.400	500	157	19	1234	1611	1131	1606	2.88e-45	183
NP_001353106.1	NP_001333336.1	61.429	70	24	1	52	118	46	115	2.15e-16	88.2
NP_001353106.1	XP_005159541.1	64.964	1253	294	17	1820	2949	1738	2968	0.0	1602
NP_001353106.1	XP_005159541.1	35.727	571	195	22	706	1216	600	1058	1.28e-45	184
NP_001353106.1	XP_005159541.1	39.400	500	157	19	1234	1611	1131	1606	2.80e-45	183
NP_001353106.1	XP_005159541.1	61.429	70	24	1	52	118	46	115	2.25e-16	88.2
NP_001353106.1	XP_005159540.1	64.964	1253	294	17	1820	2949	1738	2968	0.0	1602
NP_001353106.1	XP_005159540.1	35.727	571	195	22	706	1216	600	1058	1.28e-45	184
NP_001353106.1	XP_005159540.1	39.400	500	157	19	1234	1611	1131	1606	2.80e-45	183
NP_001353106.1	XP_005159540.1	61.429	70	24	1	52	118	46	115	2.25e-16	88.2
NP_001353106.1	XP_005165732.1	35.478	544	290	12	883	1409	529	1028	1.16e-68	258
NP_001353106.1	XP_005165732.1	73.214	56	15	0	1800	1855	1283	1338	9.13e-16	85.9
NP_001353106.1	XP_005165732.1	46.491	114	50	4	47	152	62	172	8.15e-15	82.8
NP_001353106.1	XP_021324899.1	45.333	225	110	7	2067	2285	1418	1635	1.22e-48	194
NP_001353106.1	XP_005173940.1	45.333	225	110	7	2067	2285	1418	1635	1.22e-48	194
NP_001353106.1	XP_683890.4	40.299	268	136	9	2067	2326	1548	1799	7.58e-47	188
NP_001353106.1	XP_021322556.1	37.891	256	130	10	2049	2289	1286	1527	2.51e-44	180
NP_001353106.1	XP_009290459.1	37.891	256	130	10	2049	2289	1286	1527	2.52e-44	180
NP_001353106.1	NP_001076020.1	41.453	234	126	7	2067	2296	1077	1303	5.49e-43	175
NP_001353106.1	XP_694414.6	42.411	224	114	7	2072	2287	1185	1401	8.71e-42	171
NP_001353106.1	XP_021335001.1	42.411	224	114	7	2072	2287	1185	1401	8.71e-42	171
NP_001353106.1	XP_005155379.1	42.411	224	114	7	2072	2287	1185	1401	8.71e-42	171
NP_001353106.1	XP_005155382.1	42.411	224	114	7	2072	2287	1143	1359	1.05e-41	171
NP_001353106.1	XP_005155383.1	42.411	224	114	7	2072	2287	1135	1351	1.23e-41	171
NP_001353106.1	NP_001025302.1	34.884	172	95	6	2118	2281	855	1017	5.41e-20	99.8
NP_001353106.1	XP_005171835.1	34.682	173	95	6	2118	2281	855	1018	7.67e-20	99.4
NP_001353106.1	XP_005171836.1	34.682	173	95	6	2118	2281	854	1017	7.99e-20	99.4
NP_001353106.1	XP_021324466.1	33.333	174	97	8	2117	2281	1049	1212	8.40e-20	99.4
NP_001353106.1	XP_021324464.1	33.333	174	97	8	2117	2281	1087	1250	8.54e-20	99.4
NP_001353106.1	XP_009293516.1	33.333	174	97	8	2117	2281	1088	1251	8.69e-20	99.4
NP_001353106.1	NP_001166035.1	33.333	174	97	8	2117	2281	1080	1243	9.11e-20	99.0
NP_001353106.1	XP_009293515.1	33.333	174	97	8	2117	2281	1090	1253	9.14e-20	99.0
NP_001353106.1	NP_001070747.1	35.625	160	91	4	2113	2262	585	742	9.35e-20	98.6
NP_001353106.1	XP_009293518.1	33.333	174	97	8	2117	2281	1067	1230	9.69e-20	99.0
NP_001353106.1	XP_009293517.1	33.333	174	97	8	2117	2281	1067	1230	9.69e-20	99.0
NP_001353106.1	XP_005161162.1	33.333	174	97	8	2117	2281	1082	1245	1.00e-19	99.0
NP_001353106.1	XP_021331641.1	34.682	173	95	6	2118	2281	786	949	1.20e-19	98.6
NP_001353106.1	XP_021324462.1	33.333	174	97	8	2117	2281	1097	1260	1.21e-19	98.6
NP_001353106.1	XP_021324463.1	33.333	174	97	8	2117	2281	1089	1252	1.25e-19	98.6
NP_001353106.1	XP_021324465.1	33.333	174	97	8	2117	2281	1080	1243	1.35e-19	98.6
NP_001353106.1	XP_005159542.1	36.496	137	83	2	2150	2284	2727	2861	1.39e-19	99.0
NP_001353106.1	XP_689347.5	36.496	137	83	2	2150	2284	2728	2862	1.42e-19	99.0
NP_001353106.1	XP_005159543.1	36.496	137	83	2	2150	2284	2727	2861	1.48e-19	99.0
NP_001353106.1	XP_009297915.1	32.609	184	105	5	2096	2262	550	731	4.58e-19	96.3
NP_001353106.1	XP_005164197.1	32.609	184	105	5	2096	2262	550	731	4.58e-19	96.3
NP_001353106.1	NP_001035072.2	32.609	184	105	5	2096	2262	557	738	5.31e-19	95.9
NP_001353106.1	NP_001119954.1	30.208	192	99	8	2121	2281	230	417	7.50e-19	93.6
NP_001353106.1	XP_021327801.1	34.848	132	79	4	2157	2285	1732	1859	1.06e-18	95.9
NP_001353106.1	XP_009303942.1	34.286	140	84	5	2149	2284	1662	1797	1.09e-18	95.9
NP_001353106.1	XP_005169276.1	34.286	140	84	5	2149	2284	1686	1821	1.13e-18	95.9
NP_001353106.1	XP_009303941.1	34.286	140	84	5	2149	2284	1687	1822	1.13e-18	95.9
NP_001353106.1	XP_009302386.1	34.848	132	79	4	2157	2285	1732	1859	1.24e-18	95.5
NP_001353106.1	NP_001038599.2	34.286	140	84	5	2149	2284	1708	1843	1.38e-18	95.5
NP_001353106.1	NP_001107072.1	29.412	221	118	7	2091	2284	76	285	1.61e-18	90.1
NP_001353106.1	XP_005169277.1	34.286	140	84	5	2149	2284	1550	1685	1.62e-18	95.1
NP_001353106.1	XP_009290151.1	35.766	137	84	2	2150	2284	3636	3770	1.80e-18	95.1
NP_001353106.1	XP_002664717.2	35.766	137	84	2	2150	2284	3637	3771	1.85e-18	95.1
NP_001353106.1	NP_001107087.1	34.659	176	92	9	2117	2281	978	1141	2.17e-18	94.7
NP_001353106.1	XP_009303944.1	34.286	140	84	5	2149	2284	1432	1567	2.43e-18	94.7
NP_001353106.1	XP_005164137.2	33.588	131	80	4	2157	2284	2125	2251	1.14e-17	92.4
NP_001353106.1	NP_001003592.1	30.729	192	98	9	2121	2281	220	407	1.18e-17	89.7
NP_001353106.1	XP_005164136.2	33.588	131	80	4	2157	2284	2126	2252	1.19e-17	92.4
NP_001353106.1	XP_001920852.4	33.588	131	80	4	2157	2284	2126	2252	1.19e-17	92.4
NP_001353106.1	XP_021329983.1	33.588	131	80	4	2157	2284	2125	2251	1.21e-17	92.4
NP_001353106.1	XP_021329649.1	33.588	131	80	4	2157	2284	2125	2251	1.21e-17	92.4
NP_001353106.1	XP_021329978.1	33.588	131	80	4	2157	2284	2126	2252	1.29e-17	92.4
NP_001353106.1	XP_021329977.1	33.588	131	80	4	2157	2284	2126	2252	1.29e-17	92.4
NP_001353106.1	XP_021329648.1	33.588	131	80	4	2157	2284	2126	2252	1.29e-17	92.4
NP_001353106.1	XP_021329647.1	33.588	131	80	4	2157	2284	2126	2252	1.29e-17	92.4
NP_001353106.1	NP_001103749.1	34.307	137	86	2	2150	2284	4083	4217	1.98e-17	92.0
NP_001353106.1	XP_005157640.1	34.307	137	86	2	2150	2284	4084	4218	2.28e-17	91.7
NP_001353106.1	XP_005164967.1	53.623	69	29	2	2570	2636	113	180	3.90e-16	87.4
NP_001353106.1	XP_692965.5	53.623	69	29	2	2570	2636	113	180	4.24e-16	87.0
NP_001353106.1	XP_005164966.1	53.623	69	29	2	2570	2636	113	180	4.60e-16	87.0
NP_001353106.1	XP_021330941.1	53.623	69	29	2	2570	2636	113	180	4.91e-16	87.0
NP_001353106.1	XP_009298714.1	53.623	69	29	2	2570	2636	113	180	4.91e-16	87.0
NP_001353106.1	XP_021335370.1	27.411	197	109	3	2701	2897	945	1107	1.31e-14	82.4
NP_001353106.1	XP_021335370.1	29.348	184	106	5	2646	2826	1106	1268	2.64e-13	78.2
NP_001353106.1	XP_009304062.1	27.411	197	109	3	2701	2897	945	1107	1.38e-14	82.4
NP_001353106.1	XP_009304062.1	29.348	184	106	5	2646	2826	1106	1268	2.78e-13	77.8
NP_001353106.1	XP_009304061.1	27.411	197	109	3	2701	2897	945	1107	1.68e-14	82.0
NP_001353106.1	XP_009304061.1	29.348	184	106	5	2646	2826	1106	1268	3.60e-13	77.4
NP_001353106.1	XP_017206882.1	32.824	131	86	2	2155	2284	4723	4852	1.76e-14	82.0
NP_001353106.1	XP_009296395.1	32.824	131	86	2	2155	2284	4724	4853	1.82e-14	82.0
NP_001353106.1	XP_005163354.1	32.824	131	86	2	2155	2284	4750	4879	1.84e-14	82.0
NP_001353106.1	XP_017206871.1	32.824	131	86	2	2155	2284	4761	4890	1.84e-14	82.0
NP_001353106.1	XP_009296398.1	32.824	131	86	2	2155	2284	4711	4840	1.85e-14	82.0
NP_001353106.1	XP_017206869.1	32.824	131	86	2	2155	2284	4761	4890	1.85e-14	82.0
NP_001353106.1	XP_005163351.1	32.824	131	86	2	2155	2284	4761	4890	1.85e-14	82.0
NP_001353106.1	XP_009296384.1	32.824	131	86	2	2155	2284	4762	4891	1.85e-14	82.0
NP_001353106.1	XP_009296389.1	32.824	131	86	2	2155	2284	4746	4875	1.87e-14	82.0
NP_001353106.1	XP_005168819.1	37.234	94	59	0	2704	2797	955	1048	3.93e-14	80.9
NP_001353106.1	NP_001003535.2	37.234	94	59	0	2704	2797	951	1044	4.48e-14	80.5
NP_001353106.1	XP_005162605.1	30.496	141	96	2	2142	2281	4775	4914	2.21e-13	78.6
NP_001353106.1	XP_021325943.1	30.496	141	96	2	2142	2281	4766	4905	2.25e-13	78.6
NP_001353106.1	XP_005162604.1	30.496	141	96	2	2142	2281	4799	4938	2.25e-13	78.6
NP_001353106.1	XP_005162603.1	30.496	141	96	2	2142	2281	4811	4950	2.27e-13	78.6
NP_001353106.1	XP_005162602.1	30.496	141	96	2	2142	2281	4815	4954	2.33e-13	78.6
NP_001353106.1	XP_017209414.1	30.496	141	96	2	2142	2281	4814	4953	2.37e-13	78.6
NP_001353106.1	XP_017209413.1	30.496	141	96	2	2142	2281	4814	4953	2.37e-13	78.6
NP_001353106.1	XP_017209162.1	30.070	143	98	2	2140	2281	4804	4945	5.34e-13	77.4
NP_001353106.1	XP_017209161.1	30.070	143	98	2	2140	2281	4821	4962	5.43e-13	77.0
NP_001353106.1	XP_009295229.1	30.070	143	98	2	2140	2281	4822	4963	5.48e-13	77.0
NP_001353106.1	XP_009295228.1	30.070	143	98	2	2140	2281	4822	4963	5.48e-13	77.0
