NP_001353106.1	NP_001353106.1	100.000	2969	0	0	1	2969	1	2969	0.0	6123
NP_001353106.1	XP_047281197.1	99.832	2969	0	1	1	2969	1	2964	0.0	6106
NP_001353106.1	XP_047281191.1	99.832	2969	0	1	1	2969	1	2964	0.0	6106
NP_001353106.1	XP_047281186.1	99.832	2969	0	1	1	2969	1	2964	0.0	6106
NP_001353106.1	XP_016857274.1	99.832	2969	0	1	1	2969	1	2964	0.0	6106
NP_001353106.1	XP_006711514.1	99.832	2969	0	1	1	2969	1	2964	0.0	6106
NP_001353106.1	XP_006711513.1	99.832	2969	0	1	1	2969	1	2964	0.0	6106
NP_001353106.1	NP_060959.2	99.832	2969	0	1	1	2969	1	2964	0.0	6106
NP_001353106.1	XP_047281204.1	97.305	2969	15	4	1	2969	1	2904	0.0	5918
NP_001353106.1	XP_047281203.1	97.305	2969	15	4	1	2969	1	2904	0.0	5918
NP_001353106.1	XP_016857275.1	99.810	2636	0	1	1	2636	1	2631	0.0	5394
NP_001353106.1	XP_016857276.1	99.950	2003	1	0	1	2003	1	2003	0.0	4042
NP_001353106.1	XP_011508071.1	100.000	1695	0	0	1	1695	1	1695	0.0	3421
NP_001353106.1	XP_005245394.1	100.000	1695	0	0	1	1695	1	1695	0.0	3417
NP_001353106.1	XP_016857277.1	99.600	1249	0	1	1721	2969	1	1244	0.0	2627
NP_001353106.1	XP_011508072.1	99.600	1249	0	1	1721	2969	1	1244	0.0	2627
NP_001353106.1	XP_024306926.1	41.391	575	293	15	883	1449	606	1144	1.46e-89	326
NP_001353106.1	XP_024306926.1	59.091	66	22	3	64	127	84	146	7.64e-11	71.2
NP_001353106.1	XP_024306924.1	41.391	575	293	15	883	1449	606	1144	2.88e-89	327
NP_001353106.1	XP_024306924.1	49.123	114	54	1	1795	1904	1368	1481	8.22e-21	103
NP_001353106.1	XP_024306924.1	59.091	66	22	3	64	127	84	146	8.51e-11	70.9
NP_001353106.1	XP_047293433.1	41.391	575	293	15	883	1449	580	1118	2.89e-89	326
NP_001353106.1	XP_047293433.1	49.123	114	54	1	1795	1904	1342	1455	8.03e-21	103
NP_001353106.1	XP_047293433.1	44.037	109	53	3	64	167	84	189	2.79e-11	72.8
NP_001353106.1	NP_001397791.1	41.391	575	293	15	883	1449	580	1118	2.89e-89	326
NP_001353106.1	NP_001397791.1	49.123	114	54	1	1795	1904	1342	1455	8.03e-21	103
NP_001353106.1	NP_001397791.1	44.037	109	53	3	64	167	84	189	2.79e-11	72.8
NP_001353106.1	NP_071900.2	44.444	225	112	7	2067	2285	1865	2082	2.81e-48	194
NP_001353106.1	NP_001396232.1	44.444	225	112	7	2067	2285	1865	2082	2.81e-48	194
NP_001353106.1	NP_001396231.1	44.444	225	112	7	2067	2285	1865	2082	2.81e-48	194
NP_001353106.1	NP_001396230.1	44.444	225	112	7	2067	2285	1865	2082	2.81e-48	194
NP_001353106.1	NP_758859.2	44.444	225	112	7	2067	2285	1574	1791	2.97e-48	194
NP_001353106.1	NP_001396237.1	44.444	225	112	7	2067	2285	1574	1791	2.97e-48	194
NP_001353106.1	NP_001352613.2	44.444	225	112	7	2067	2285	1574	1791	2.97e-48	194
NP_001353106.1	NP_001396236.1	44.444	225	112	7	2067	2285	1611	1828	3.07e-48	194
NP_001353106.1	NP_001396235.1	44.444	225	112	7	2067	2285	1611	1828	3.07e-48	194
NP_001353106.1	NP_001396233.1	44.444	225	112	7	2067	2285	1725	1942	3.15e-48	194
NP_001353106.1	NP_001396234.1	44.444	225	112	7	2067	2285	1614	1831	3.37e-48	194
NP_001353106.1	XP_047304001.1	38.132	257	128	10	2049	2289	1409	1650	4.32e-45	184
NP_001353106.1	NP_001336299.1	38.132	257	128	10	2049	2289	1409	1650	4.32e-45	184
NP_001353106.1	NP_054878.5	38.132	257	128	10	2049	2289	1453	1694	4.58e-45	184
NP_001353106.1	XP_024309255.1	38.132	257	128	10	2049	2289	1409	1650	4.81e-45	184
NP_001353106.1	NP_075447.1	38.281	256	147	6	2072	2321	1071	1321	8.00e-45	182
NP_001353106.1	XP_047272095.1	39.738	229	131	5	2072	2296	989	1214	7.09e-43	176
NP_001353106.1	XP_047272094.1	39.738	229	131	5	2072	2296	989	1214	7.09e-43	176
NP_001353106.1	XP_047272093.1	39.738	229	131	5	2072	2296	989	1214	7.09e-43	176
NP_001353106.1	XP_005248058.1	39.738	229	131	5	2072	2296	989	1214	7.09e-43	176
NP_001353106.1	NP_579890.1	39.738	229	131	5	2072	2296	989	1214	7.09e-43	176
NP_001353106.1	NP_579878.1	39.738	229	131	5	2072	2296	989	1214	7.09e-43	176
NP_001353106.1	NP_579877.1	39.738	229	131	5	2072	2296	989	1214	7.09e-43	176
NP_001353106.1	NP_001035889.1	39.738	229	131	5	2072	2296	989	1214	7.09e-43	176
NP_001353106.1	XP_047272098.1	39.738	229	131	5	2072	2296	920	1145	1.27e-42	175
NP_001353106.1	XP_047272097.1	39.738	229	131	5	2072	2296	920	1145	1.27e-42	175
NP_001353106.1	XP_005248059.1	39.738	229	131	5	2072	2296	920	1145	1.27e-42	175
NP_001353106.1	XP_011511862.1	39.827	231	128	6	2072	2296	208	433	8.95e-42	167
NP_001353106.1	XP_024309257.1	36.318	201	98	9	2049	2233	1409	1595	1.64e-26	122
NP_001353106.1	XP_047293432.1	56.701	97	41	1	1763	1859	1368	1463	2.51e-21	105
NP_001353106.1	XP_047293432.1	44.037	109	53	3	64	167	84	189	2.96e-11	72.4
NP_001353106.1	XP_024306922.1	56.701	97	41	1	1763	1859	1368	1463	2.51e-21	105
NP_001353106.1	XP_024306922.1	44.037	109	53	3	64	167	84	189	2.96e-11	72.4
NP_001353106.1	NP_056374.2	56.701	97	41	1	1763	1859	1368	1463	2.51e-21	105
NP_001353106.1	NP_056374.2	44.037	109	53	3	64	167	84	189	2.96e-11	72.4
NP_001353106.1	NP_001366071.1	56.701	97	41	1	1763	1859	1368	1463	2.51e-21	105
NP_001353106.1	NP_001366071.1	44.037	109	53	3	64	167	84	189	2.96e-11	72.4
NP_001353106.1	NP_001366070.1	56.701	97	41	1	1763	1859	1368	1463	2.51e-21	105
NP_001353106.1	NP_001366070.1	44.037	109	53	3	64	167	84	189	2.96e-11	72.4
NP_001353106.1	XP_047293437.1	56.701	97	41	1	1763	1859	1149	1244	2.53e-21	105
NP_001353106.1	XP_047293431.1	56.701	97	41	1	1763	1859	1394	1489	2.61e-21	105
NP_001353106.1	XP_047293431.1	59.091	66	22	3	64	127	84	146	7.63e-11	71.2
NP_001353106.1	XP_024306920.1	56.701	97	41	1	1763	1859	1394	1489	2.61e-21	105
NP_001353106.1	XP_024306920.1	59.091	66	22	3	64	127	84	146	7.63e-11	71.2
NP_001353106.1	XP_024306919.1	56.701	97	41	1	1763	1859	1394	1489	2.61e-21	105
NP_001353106.1	XP_024306919.1	59.091	66	22	3	64	127	84	146	7.63e-11	71.2
NP_001353106.1	XP_024306918.1	56.701	97	41	1	1763	1859	1394	1489	2.61e-21	105
NP_001353106.1	XP_024306918.1	59.091	66	22	3	64	127	84	146	7.63e-11	71.2
NP_001353106.1	XP_024306917.1	56.701	97	41	1	1763	1859	1394	1489	2.61e-21	105
NP_001353106.1	XP_024306917.1	59.091	66	22	3	64	127	84	146	7.63e-11	71.2
NP_001353106.1	XP_047293436.1	56.701	97	41	1	1763	1859	1209	1304	2.69e-21	105
NP_001353106.1	XP_047293435.1	56.701	97	41	1	1763	1859	1209	1304	2.69e-21	105
NP_001353106.1	XP_024306925.1	56.701	97	41	1	1763	1859	1209	1304	2.69e-21	105
NP_001353106.1	NP_005924.2	35.036	137	85	2	2150	2284	3834	3968	8.66e-20	100
NP_001353106.1	NP_001184033.1	35.036	137	85	2	2150	2284	3837	3971	9.49e-20	100
NP_001353106.1	XP_011541131.1	35.036	137	85	2	2150	2284	3870	4004	9.99e-20	100
NP_001353106.1	XP_011541132.1	35.036	137	85	2	2150	2284	3869	4003	1.01e-19	100
NP_001353106.1	XP_047282919.1	35.036	137	85	2	2150	2284	3866	4000	1.03e-19	100
NP_001353106.1	NP_001399526.1	35.036	137	85	2	2150	2284	3867	4001	1.05e-19	100
NP_001353106.1	NP_001396238.1	38.926	149	79	6	2067	2209	1574	1716	1.35e-19	100
NP_001353106.1	XP_047275957.1	35.000	160	92	4	2113	2262	529	686	1.50e-19	99.0
NP_001353106.1	XP_047275960.1	35.000	160	92	4	2113	2262	490	647	1.68e-19	98.6
NP_001353106.1	NP_001190178.1	35.000	160	92	4	2113	2262	520	677	1.69e-19	98.6
NP_001353106.1	XP_016867308.1	35.000	160	92	4	2113	2262	537	694	1.81e-19	98.6
NP_001353106.1	XP_047275955.1	35.000	160	92	4	2113	2262	534	691	1.89e-19	98.6
NP_001353106.1	XP_005250021.1	35.000	160	92	4	2113	2262	528	685	1.96e-19	98.6
NP_001353106.1	XP_011514198.1	35.000	160	92	4	2113	2262	498	655	2.08e-19	98.2
NP_001353106.1	XP_047282920.1	35.036	137	85	2	2150	2284	2995	3129	2.14e-19	99.8
NP_001353106.1	XP_006718902.2	35.036	137	85	2	2150	2284	2998	3132	2.16e-19	99.8
NP_001353106.1	XP_011514194.1	35.000	160	92	4	2113	2262	542	699	2.17e-19	98.6
NP_001353106.1	XP_011541135.1	35.036	137	85	2	2150	2284	3031	3165	2.47e-19	99.4
NP_001353106.1	XP_047275946.1	35.000	160	92	4	2113	2262	579	736	3.66e-19	97.8
NP_001353106.1	XP_005250019.1	35.000	160	92	4	2113	2262	579	736	3.66e-19	97.8
NP_001353106.1	XP_047275948.1	35.000	160	92	4	2113	2262	571	728	3.74e-19	97.8
NP_001353106.1	NP_001190176.1	35.000	160	92	4	2113	2262	571	728	3.74e-19	97.8
NP_001353106.1	XP_047275953.1	35.000	160	92	4	2113	2262	562	719	3.90e-19	97.8
NP_001353106.1	NP_001190177.1	35.000	160	92	4	2113	2262	562	719	3.90e-19	97.8
NP_001353106.1	NP_694543.1	35.000	160	92	4	2113	2262	532	689	3.93e-19	97.4
NP_001353106.1	XP_047275958.1	35.000	160	92	4	2113	2262	523	680	4.03e-19	97.4
NP_001353106.1	XP_047275952.1	35.000	160	92	4	2113	2262	563	720	4.22e-19	97.4
NP_001353106.1	XP_047275950.1	35.000	160	92	4	2113	2262	570	727	4.28e-19	97.4
NP_001353106.1	XP_047275949.1	35.000	160	92	4	2113	2262	570	727	4.28e-19	97.4
NP_001353106.1	XP_005250020.1	35.000	160	92	4	2113	2262	570	727	4.28e-19	97.4
NP_001353106.1	XP_047275947.1	35.000	160	92	4	2113	2262	576	733	4.29e-19	97.4
NP_001353106.1	NP_004447.2	35.000	160	92	4	2113	2262	576	733	4.29e-19	97.4
NP_001353106.1	XP_011514189.1	35.000	160	92	4	2113	2262	567	724	4.40e-19	97.4
NP_001353106.1	XP_047275954.1	35.000	160	92	4	2113	2262	540	697	4.47e-19	97.4
NP_001353106.1	XP_011514195.1	35.000	160	92	4	2113	2262	540	697	4.47e-19	97.4
NP_001353106.1	XP_011514196.1	35.000	160	92	4	2113	2262	537	694	4.76e-19	97.4
NP_001353106.1	XP_047275945.1	35.000	160	92	4	2113	2262	584	741	4.82e-19	97.4
NP_001353106.1	XP_016867306.1	35.000	160	92	4	2113	2262	584	741	4.82e-19	97.4
NP_001353106.1	XP_011514185.1	35.000	160	92	4	2113	2262	584	741	4.82e-19	97.4
NP_001353106.1	XP_011514187.1	35.000	160	92	4	2113	2262	575	732	4.87e-19	97.4
NP_001353106.1	XP_011514191.1	35.000	160	92	4	2113	2262	554	711	4.97e-19	97.4
NP_001353106.1	XP_047275951.1	35.000	160	92	4	2113	2262	568	725	4.97e-19	97.4
NP_001353106.1	XP_047275956.1	35.000	160	92	4	2113	2262	531	688	4.99e-19	97.4
NP_001353106.1	XP_016867309.1	35.000	160	92	4	2113	2262	528	685	5.13e-19	97.1
NP_001353106.1	XP_011514192.1	35.000	160	92	4	2113	2262	545	702	5.50e-19	97.1
NP_001353106.1	XP_047275962.1	35.000	160	92	4	2113	2262	467	624	5.79e-19	96.7
NP_001353106.1	XP_047275961.1	35.000	160	92	4	2113	2262	467	624	5.79e-19	96.7
NP_001353106.1	XP_011514197.1	35.000	160	92	4	2113	2262	536	693	5.89e-19	97.1
NP_001353106.1	XP_047281697.1	31.351	185	103	8	2121	2284	168	349	6.79e-19	93.6
NP_001353106.1	XP_011517964.1	31.351	185	103	8	2121	2284	168	349	6.79e-19	93.6
NP_001353106.1	NP_078946.1	31.351	185	103	8	2121	2284	168	349	6.79e-19	93.6
NP_001353106.1	NP_001180354.1	31.351	185	103	8	2121	2284	168	349	6.79e-19	93.6
NP_001353106.1	XP_047291550.1	40.187	107	63	1	2156	2262	287	392	1.51e-18	93.6
NP_001353106.1	NP_001180353.1	31.351	185	103	8	2121	2284	228	409	2.75e-18	92.8
NP_001353106.1	XP_005257202.1	40.187	107	63	1	2156	2262	590	695	4.31e-18	94.4
NP_001353106.1	NP_001308011.1	40.187	107	63	1	2156	2262	584	689	4.34e-18	94.4
NP_001353106.1	NP_001308010.1	40.187	107	63	1	2156	2262	615	720	5.31e-18	94.0
NP_001353106.1	XP_011522819.1	40.187	107	63	1	2156	2262	621	726	5.36e-18	94.0
NP_001353106.1	NP_001982.2	40.187	107	63	1	2156	2262	624	729	5.53e-18	94.0
NP_001353106.1	NP_001308008.1	40.187	107	63	1	2156	2262	630	735	5.58e-18	94.0
NP_001353106.1	NP_001382091.1	33.908	174	96	9	2117	2281	987	1150	7.19e-18	94.0
NP_001353106.1	NP_001276342.1	34.091	176	93	9	2117	2281	1036	1199	1.03e-17	93.6
NP_001353106.1	NP_001350618.1	34.091	176	93	9	2117	2281	1070	1233	1.04e-17	93.6
NP_001353106.1	XP_054186968.1	33.908	174	96	9	2117	2281	1198	1361	1.04e-17	93.6
NP_001353106.1	XP_054186196.1	33.908	174	96	9	2117	2281	1198	1361	1.04e-17	93.6
NP_001353106.1	XP_054185699.1	33.908	174	96	9	2117	2281	1198	1361	1.04e-17	93.6
NP_001353106.1	XP_006715037.2	33.908	174	96	9	2117	2281	1198	1361	1.04e-17	93.6
NP_001353106.1	XP_054186734.1	33.908	174	96	9	2117	2281	1198	1361	1.08e-17	93.6
NP_001353106.1	XP_054184418.1	33.908	174	96	9	2117	2281	1198	1361	1.08e-17	93.6
NP_001353106.1	XP_054186969.1	34.091	176	93	9	2117	2281	1164	1327	1.11e-17	93.6
NP_001353106.1	XP_054186197.1	34.091	176	93	9	2117	2281	1164	1327	1.11e-17	93.6
NP_001353106.1	XP_054185700.1	34.091	176	93	9	2117	2281	1164	1327	1.11e-17	93.6
NP_001353106.1	XP_006715038.2	34.091	176	93	9	2117	2281	1164	1327	1.11e-17	93.6
NP_001353106.1	NP_001382093.1	34.091	176	93	9	2117	2281	978	1141	1.12e-17	93.6
NP_001353106.1	XP_054186735.1	34.091	176	93	9	2117	2281	1164	1327	1.12e-17	93.6
NP_001353106.1	XP_054184419.1	34.091	176	93	9	2117	2281	1164	1327	1.12e-17	93.6
NP_001353106.1	NP_001382089.1	34.091	176	93	9	2117	2281	1020	1183	1.13e-17	93.6
NP_001353106.1	NP_001382092.1	34.091	176	93	9	2117	2281	986	1149	1.13e-17	93.6
NP_001353106.1	NP_006700.3	34.091	176	93	9	2117	2281	1013	1176	1.23e-17	93.6
NP_001353106.1	NP_001382090.1	34.091	176	93	9	2117	2281	992	1155	1.26e-17	93.2
NP_001353106.1	NP_079532.5	34.091	176	93	9	2117	2281	979	1142	1.28e-17	93.2
NP_001353106.1	NP_001382094.1	34.091	176	93	9	2117	2281	927	1090	1.57e-17	92.8
NP_001353106.1	XP_047284509.1	34.615	130	80	3	2157	2284	1839	1965	2.25e-17	92.8
NP_001353106.1	XP_047284508.1	34.615	130	80	3	2157	2284	1839	1965	2.25e-17	92.8
NP_001353106.1	XP_024304666.1	34.615	130	80	3	2157	2284	1839	1965	2.25e-17	92.8
NP_001353106.1	NP_001340274.1	34.615	130	80	3	2157	2284	1839	1965	2.25e-17	92.8
NP_001353106.1	NP_001269095.1	30.208	192	99	9	2121	2281	232	419	2.99e-17	89.7
NP_001353106.1	NP_001305762.1	34.091	176	93	9	2117	2281	811	974	4.23e-17	91.7
NP_001353106.1	NP_003164.1	30.208	192	99	9	2121	2281	221	408	4.63e-17	89.0
NP_001353106.1	XP_047304671.1	30.337	178	103	6	2127	2284	122	298	8.61e-17	87.8
NP_001353106.1	XP_047304670.1	30.337	178	103	6	2127	2284	122	298	9.20e-17	87.4
NP_001353106.1	NP_055542.1	35.036	137	85	2	2150	2284	2580	2714	1.35e-16	90.5
NP_001353106.1	NP_001263254.1	30.337	178	103	6	2127	2284	122	298	1.45e-16	87.0
NP_001353106.1	XP_011525863.3	35.036	137	85	2	2150	2284	2558	2692	1.50e-16	90.1
NP_001353106.1	XP_047295743.1	35.036	137	85	2	2150	2284	2488	2622	1.52e-16	90.1
NP_001353106.1	XP_047279840.1	31.522	184	105	9	2117	2290	1015	1187	1.56e-16	89.7
NP_001353106.1	XP_047279839.1	31.522	184	105	9	2117	2290	1022	1194	1.60e-16	89.7
NP_001353106.1	XP_047279841.1	31.522	184	105	9	2117	2290	989	1161	1.62e-16	89.7
NP_001353106.1	XP_047279836.1	31.522	184	105	9	2117	2290	1056	1228	2.07e-16	89.4
NP_001353106.1	XP_016870623.1	31.522	184	105	9	2117	2290	1096	1268	2.28e-16	89.4
NP_001353106.1	XP_047279835.1	31.522	184	105	9	2117	2290	1063	1235	2.30e-16	89.4
NP_001353106.1	XP_016870627.1	31.522	184	105	9	2117	2290	1063	1235	2.30e-16	89.4
NP_001353106.1	XP_047279837.1	31.522	184	105	9	2117	2290	1044	1216	2.30e-16	89.4
NP_001353106.1	XP_047279834.1	31.522	184	105	9	2117	2290	1070	1242	2.42e-16	89.4
NP_001353106.1	XP_047279833.1	31.522	184	105	9	2117	2290	1070	1242	2.42e-16	89.4
NP_001353106.1	XP_005266167.1	31.522	184	105	9	2117	2290	1070	1242	2.42e-16	89.4
NP_001353106.1	XP_047279838.1	31.522	184	105	9	2117	2290	1037	1209	2.48e-16	89.0
NP_001353106.1	XP_011517324.1	31.522	184	105	9	2117	2290	1103	1275	2.53e-16	89.0
NP_001353106.1	XP_047279831.1	31.522	184	105	9	2117	2290	1072	1244	2.64e-16	89.0
NP_001353106.1	NP_079033.4	31.522	184	105	9	2117	2290	1101	1273	2.66e-16	89.0
NP_001353106.1	XP_047279832.1	31.522	184	105	9	2117	2290	1071	1243	2.75e-16	89.0
NP_001353106.1	XP_047279829.1	31.522	184	105	9	2117	2290	1091	1263	2.79e-16	89.0
NP_001353106.1	NP_001341192.1	31.522	184	105	9	2117	2290	1094	1266	2.82e-16	89.0
NP_001353106.1	XP_047279830.1	31.522	184	105	9	2117	2290	1078	1250	2.92e-16	89.0
NP_001353106.1	XP_047279828.1	31.522	184	105	9	2117	2290	1098	1270	2.99e-16	89.0
NP_001353106.1	XP_011517325.1	31.522	184	105	9	2117	2290	1097	1269	3.02e-16	89.0
NP_001353106.1	XP_011517323.1	31.522	184	105	9	2117	2290	1104	1276	3.13e-16	89.0
NP_001353106.1	NP_006506.3	30.337	178	103	6	2127	2284	122	298	5.86e-16	87.4
NP_001353106.1	XP_047290919.1	32.824	131	81	4	2157	2284	1580	1706	6.15e-16	87.8
NP_001353106.1	XP_047290918.1	32.824	131	81	4	2157	2284	1580	1706	6.15e-16	87.8
NP_001353106.1	XP_024306267.1	32.824	131	81	4	2157	2284	1580	1706	6.15e-16	87.8
NP_001353106.1	XP_016879398.1	32.824	131	81	4	2157	2284	1580	1706	6.15e-16	87.8
NP_001353106.1	XP_006721169.1	32.824	131	81	4	2157	2284	1580	1706	6.15e-16	87.8
NP_001353106.1	XP_005255780.1	32.824	131	81	4	2157	2284	1580	1706	6.15e-16	87.8
NP_001353106.1	NP_055527.1	32.824	131	81	4	2157	2284	1580	1706	6.15e-16	87.8
NP_001353106.1	XP_024303445.1	31.351	185	104	9	2117	2290	809	981	9.28e-16	87.0
NP_001353106.1	XP_011517331.1	31.351	185	104	9	2117	2290	578	750	1.77e-15	85.9
NP_001353106.1	XP_011517332.1	31.351	185	104	9	2117	2290	362	534	3.13e-15	84.3
NP_001353106.1	XP_047279846.1	31.351	185	104	9	2117	2290	291	463	4.20e-15	83.6
NP_001353106.1	XP_011517333.1	31.351	185	104	9	2117	2290	291	463	4.20e-15	83.6
NP_001353106.1	XP_047304418.1	28.804	184	107	4	2646	2826	1115	1277	7.30e-15	84.3
NP_001353106.1	NP_001392568.1	28.261	184	108	3	2646	2826	1116	1278	7.43e-15	84.3
NP_001353106.1	NP_001392517.1	28.261	184	108	3	2646	2826	1116	1278	7.43e-15	84.3
NP_001353106.1	NP_001392488.1	28.261	184	108	3	2646	2826	1116	1278	7.43e-15	84.3
NP_001353106.1	XP_047304413.1	28.261	184	108	3	2646	2826	1151	1313	7.47e-15	84.3
NP_001353106.1	XP_047304412.1	28.261	184	108	3	2646	2826	1152	1314	7.66e-15	84.3
NP_001353106.1	XP_047304404.1	28.261	184	108	3	2646	2826	1176	1338	8.58e-15	84.3
NP_001353106.1	XP_047304404.1	30.189	106	74	0	2701	2806	1012	1117	1.17e-12	77.0
NP_001353106.1	XP_047304407.1	28.261	184	108	3	2646	2826	1160	1322	8.63e-15	84.3
NP_001353106.1	XP_047304406.1	28.261	184	108	3	2646	2826	1161	1323	8.78e-15	84.3
NP_001353106.1	NP_001392536.1	28.261	184	108	3	2646	2826	1156	1318	8.92e-15	84.3
NP_001353106.1	NP_001392536.1	30.189	106	74	0	2701	2806	992	1097	1.30e-12	77.0
NP_001353106.1	NP_001392530.1	28.261	184	108	3	2646	2826	1156	1318	8.92e-15	84.3
NP_001353106.1	NP_001392530.1	30.189	106	74	0	2701	2806	992	1097	1.30e-12	77.0
NP_001353106.1	XP_047304409.1	28.261	184	108	3	2646	2826	1158	1320	8.92e-15	84.3
NP_001353106.1	XP_047304409.1	30.189	106	74	0	2701	2806	994	1099	1.23e-12	77.0
NP_001353106.1	XP_047304403.1	28.261	184	108	3	2646	2826	1177	1339	9.18e-15	84.0
NP_001353106.1	XP_047304403.1	30.189	106	74	0	2701	2806	1013	1118	1.29e-12	77.0
NP_001353106.1	XP_047304402.1	28.261	184	108	3	2646	2826	1177	1339	9.18e-15	84.0
NP_001353106.1	XP_047304402.1	30.189	106	74	0	2701	2806	1013	1118	1.29e-12	77.0
NP_001353106.1	XP_011532205.1	28.261	184	108	3	2646	2826	1177	1339	9.18e-15	84.0
NP_001353106.1	XP_011532205.1	30.189	106	74	0	2701	2806	1013	1118	1.29e-12	77.0
NP_001353106.1	XP_011532204.1	28.261	184	108	3	2646	2826	1177	1339	9.18e-15	84.0
NP_001353106.1	XP_011532204.1	30.189	106	74	0	2701	2806	1013	1118	1.29e-12	77.0
NP_001353106.1	XP_011532202.1	28.261	184	108	3	2646	2826	1177	1339	9.18e-15	84.0
NP_001353106.1	XP_011532202.1	30.189	106	74	0	2701	2806	1013	1118	1.29e-12	77.0
NP_001353106.1	NP_001392572.1	28.261	184	108	3	2646	2826	1141	1303	9.20e-15	84.0
NP_001353106.1	NP_001392572.1	30.189	106	74	0	2701	2806	977	1082	1.27e-12	77.0
NP_001353106.1	NP_001392570.1	28.261	184	108	3	2646	2826	1141	1303	9.20e-15	84.0
NP_001353106.1	NP_001392570.1	30.189	106	74	0	2701	2806	977	1082	1.27e-12	77.0
NP_001353106.1	NP_001392513.1	28.261	184	108	3	2646	2826	1141	1303	9.20e-15	84.0
NP_001353106.1	NP_001392513.1	30.189	106	74	0	2701	2806	977	1082	1.27e-12	77.0
NP_001353106.1	NP_001392512.1	28.261	184	108	3	2646	2826	1141	1303	9.20e-15	84.0
NP_001353106.1	NP_001392512.1	30.189	106	74	0	2701	2806	977	1082	1.27e-12	77.0
NP_001353106.1	NP_001381800.1	28.261	184	108	3	2646	2826	1141	1303	9.20e-15	84.0
NP_001353106.1	NP_001381800.1	30.189	106	74	0	2701	2806	977	1082	1.27e-12	77.0
NP_001353106.1	NP_001392532.1	28.261	184	108	3	2646	2826	1141	1303	9.28e-15	84.0
NP_001353106.1	NP_001392532.1	30.189	106	74	0	2701	2806	977	1082	1.25e-12	77.0
NP_001353106.1	NP_001392523.1	28.261	184	108	3	2646	2826	1141	1303	9.28e-15	84.0
NP_001353106.1	NP_001392523.1	30.189	106	74	0	2701	2806	977	1082	1.25e-12	77.0
NP_001353106.1	NP_001392510.1	28.261	184	108	3	2646	2826	1141	1303	9.28e-15	84.0
NP_001353106.1	NP_001392510.1	30.189	106	74	0	2701	2806	977	1082	1.25e-12	77.0
NP_001353106.1	NP_001387399.1	28.261	184	108	3	2646	2826	1141	1303	9.28e-15	84.0
NP_001353106.1	NP_001387399.1	30.189	106	74	0	2701	2806	977	1082	1.25e-12	77.0
NP_001353106.1	NP_001381798.1	28.261	184	108	3	2646	2826	1141	1303	9.28e-15	84.0
NP_001353106.1	NP_001381798.1	30.189	106	74	0	2701	2806	977	1082	1.25e-12	77.0
NP_001353106.1	NP_001381797.1	28.261	184	108	3	2646	2826	1141	1303	9.28e-15	84.0
NP_001353106.1	NP_001381797.1	30.189	106	74	0	2701	2806	977	1082	1.25e-12	77.0
NP_001353106.1	NP_001381796.1	28.261	184	108	3	2646	2826	1141	1303	9.28e-15	84.0
NP_001353106.1	NP_001381796.1	30.189	106	74	0	2701	2806	977	1082	1.25e-12	77.0
NP_001353106.1	XP_024309387.1	28.261	184	108	3	2646	2826	1174	1336	9.33e-15	84.0
NP_001353106.1	XP_024309387.1	30.189	106	74	0	2701	2806	1010	1115	1.22e-12	77.0
NP_001353106.1	NP_001387400.1	28.261	184	108	3	2646	2826	1131	1293	9.38e-15	84.0
NP_001353106.1	XP_016862223.1	28.261	184	108	3	2646	2826	1173	1335	9.41e-15	84.0
NP_001353106.1	XP_016862223.1	30.189	106	74	0	2701	2806	1009	1114	1.27e-12	77.0
NP_001353106.1	XP_016862231.1	28.261	184	108	3	2646	2826	1162	1324	9.63e-15	84.0
NP_001353106.1	XP_016862231.1	30.189	106	74	0	2701	2806	998	1103	1.31e-12	77.0
NP_001353106.1	XP_016862230.1	28.261	184	108	3	2646	2826	1162	1324	9.63e-15	84.0
NP_001353106.1	XP_016862230.1	30.189	106	74	0	2701	2806	998	1103	1.31e-12	77.0
NP_001353106.1	NP_001392499.1	28.261	184	108	3	2646	2826	1141	1303	9.68e-15	84.0
NP_001353106.1	NP_001392499.1	30.189	106	74	0	2701	2806	977	1082	1.27e-12	77.0
NP_001353106.1	XP_047304399.1	28.261	184	108	3	2646	2826	1185	1347	9.83e-15	84.0
NP_001353106.1	XP_047304399.1	30.189	106	74	0	2701	2806	1021	1126	1.26e-12	77.0
NP_001353106.1	NP_001392558.1	28.261	184	108	3	2646	2826	1140	1302	9.92e-15	84.0
NP_001353106.1	NP_001392558.1	30.189	106	74	0	2701	2806	976	1081	1.36e-12	77.0
NP_001353106.1	NP_001392518.1	28.261	184	108	3	2646	2826	1140	1302	9.92e-15	84.0
NP_001353106.1	NP_001392518.1	30.189	106	74	0	2701	2806	976	1081	1.36e-12	77.0
NP_001353106.1	NP_001392496.1	28.261	184	108	3	2646	2826	1140	1302	9.92e-15	84.0
NP_001353106.1	NP_001392496.1	30.189	106	74	0	2701	2806	976	1081	1.36e-12	77.0
NP_001353106.1	XP_047304411.1	28.261	184	108	3	2646	2826	1158	1320	1.01e-14	84.0
NP_001353106.1	XP_047304411.1	30.189	106	74	0	2701	2806	994	1099	1.33e-12	77.0
NP_001353106.1	XP_047304410.1	28.261	184	108	3	2646	2826	1158	1320	1.01e-14	84.0
NP_001353106.1	XP_047304410.1	30.189	106	74	0	2701	2806	994	1099	1.33e-12	77.0
NP_001353106.1	NP_001392554.1	28.261	184	108	3	2646	2826	594	756	1.02e-14	84.0
NP_001353106.1	NP_001392554.1	30.189	106	74	0	2701	2806	430	535	1.46e-12	76.6
NP_001353106.1	XP_047304408.1	28.261	184	108	3	2646	2826	1159	1321	1.03e-14	84.0
NP_001353106.1	XP_047304408.1	30.189	106	74	0	2701	2806	995	1100	1.31e-12	77.0
NP_001353106.1	XP_016862233.1	28.261	184	108	3	2646	2826	1159	1321	1.03e-14	84.0
NP_001353106.1	XP_016862233.1	30.189	106	74	0	2701	2806	995	1100	1.31e-12	77.0
NP_001353106.1	NP_001392508.1	28.261	184	108	3	2646	2826	1140	1302	1.06e-14	84.0
NP_001353106.1	NP_001392508.1	30.189	106	74	0	2701	2806	976	1081	1.35e-12	77.0
NP_001353106.1	NP_001387402.1	28.261	184	108	3	2646	2826	1140	1302	1.06e-14	84.0
NP_001353106.1	NP_001387402.1	30.189	106	74	0	2701	2806	976	1081	1.35e-12	77.0
NP_001353106.1	NP_001392527.1	28.261	184	108	3	2646	2826	1150	1312	1.08e-14	84.0
NP_001353106.1	NP_001392527.1	30.189	106	74	0	2701	2806	986	1091	1.51e-12	76.6
NP_001353106.1	XP_047304405.1	28.261	184	108	3	2646	2826	1165	1327	1.08e-14	84.0
NP_001353106.1	XP_047304405.1	30.189	106	74	0	2701	2806	1001	1106	1.41e-12	77.0
NP_001353106.1	NP_001392533.1	28.261	184	108	3	2646	2826	1109	1271	1.10e-14	84.0
NP_001353106.1	NP_001392533.1	30.189	106	74	0	2701	2806	945	1050	1.34e-12	77.0
NP_001353106.1	XP_047304416.1	28.261	184	108	3	2646	2826	1124	1286	1.11e-14	84.0
NP_001353106.1	XP_047304416.1	30.189	106	74	0	2701	2806	960	1065	1.33e-12	77.0
NP_001353106.1	XP_047304398.1	28.261	184	108	3	2646	2826	1186	1348	1.15e-14	84.0
NP_001353106.1	XP_047304398.1	30.189	106	74	0	2701	2806	1022	1127	1.49e-12	77.0
NP_001353106.1	XP_016862217.1	28.261	184	108	3	2646	2826	1186	1348	1.15e-14	84.0
NP_001353106.1	XP_016862217.1	30.189	106	74	0	2701	2806	1022	1127	1.49e-12	77.0
NP_001353106.1	XP_016862216.1	28.261	184	108	3	2646	2826	1186	1348	1.15e-14	84.0
NP_001353106.1	XP_016862216.1	30.189	106	74	0	2701	2806	1022	1127	1.49e-12	77.0
NP_001353106.1	XP_016862215.1	28.261	184	108	3	2646	2826	1186	1348	1.15e-14	84.0
NP_001353106.1	XP_016862215.1	30.189	106	74	0	2701	2806	1022	1127	1.49e-12	77.0
NP_001353106.1	XP_016862214.1	28.261	184	108	3	2646	2826	1186	1348	1.15e-14	84.0
NP_001353106.1	XP_016862214.1	30.189	106	74	0	2701	2806	1022	1127	1.49e-12	77.0
NP_001353106.1	NP_001353000.1	28.261	184	108	3	2646	2826	1162	1324	1.16e-14	84.0
NP_001353106.1	NP_001353000.1	30.189	106	74	0	2701	2806	998	1103	1.38e-12	77.0
NP_001353106.1	NP_001392481.1	28.261	184	108	3	2646	2826	1175	1337	1.16e-14	84.0
NP_001353106.1	NP_001392481.1	30.189	106	74	0	2701	2806	1011	1116	1.30e-12	77.0
NP_001353106.1	XP_047304415.1	28.261	184	108	3	2646	2826	1127	1289	1.16e-14	84.0
NP_001353106.1	XP_047304415.1	30.189	106	74	0	2701	2806	963	1068	1.29e-12	77.0
NP_001353106.1	XP_016862220.1	28.261	184	108	3	2646	2826	1183	1345	1.16e-14	84.0
NP_001353106.1	XP_016862220.1	30.189	106	74	0	2701	2806	1019	1124	1.41e-12	77.0
NP_001353106.1	XP_016862219.1	28.261	184	108	3	2646	2826	1183	1345	1.16e-14	84.0
NP_001353106.1	XP_016862219.1	30.189	106	74	0	2701	2806	1019	1124	1.41e-12	77.0
NP_001353106.1	XP_047304401.1	28.261	184	108	3	2646	2826	1182	1344	1.18e-14	84.0
NP_001353106.1	XP_047304401.1	30.189	106	74	0	2701	2806	1018	1123	1.41e-12	77.0
NP_001353106.1	XP_047304400.1	28.261	184	108	3	2646	2826	1182	1344	1.18e-14	84.0
NP_001353106.1	XP_047304400.1	30.189	106	74	0	2701	2806	1018	1123	1.41e-12	77.0
NP_001353106.1	NP_001392515.1	28.261	184	108	3	2646	2826	1124	1286	1.20e-14	83.6
NP_001353106.1	NP_001392501.1	28.261	184	108	3	2646	2826	1083	1245	1.25e-14	83.6
NP_001353106.1	NP_001392520.1	28.261	184	108	3	2646	2826	1134	1296	1.28e-14	83.6
NP_001353106.1	NP_001392563.1	28.261	184	108	3	2646	2826	1116	1278	1.30e-14	83.6
NP_001353106.1	NP_001392534.1	28.261	184	108	3	2646	2826	1116	1278	1.30e-14	83.6
NP_001353106.1	NP_001392521.1	28.261	184	108	3	2646	2826	1116	1278	1.30e-14	83.6
NP_001353106.1	NP_001387433.1	28.261	184	108	3	2646	2826	1116	1278	1.30e-14	83.6
NP_001353106.1	NP_001387419.1	28.261	184	108	3	2646	2826	1116	1278	1.30e-14	83.6
NP_001353106.1	NP_001337008.1	28.261	184	108	3	2646	2826	1137	1299	1.31e-14	83.6
NP_001353106.1	NP_001392561.1	28.261	184	108	3	2646	2826	1140	1302	1.32e-14	83.6
NP_001353106.1	NP_001392561.1	30.189	106	74	0	2701	2806	976	1081	1.58e-12	76.6
NP_001353106.1	NP_001392519.1	28.261	184	108	3	2646	2826	1140	1302	1.32e-14	83.6
NP_001353106.1	NP_001392519.1	30.189	106	74	0	2701	2806	976	1081	1.58e-12	76.6
NP_001353106.1	NP_001392514.1	28.261	184	108	3	2646	2826	1140	1302	1.32e-14	83.6
NP_001353106.1	NP_001392514.1	30.189	106	74	0	2701	2806	976	1081	1.58e-12	76.6
NP_001353106.1	NP_001392507.1	28.261	184	108	3	2646	2826	1140	1302	1.32e-14	83.6
NP_001353106.1	NP_001392507.1	30.189	106	74	0	2701	2806	976	1081	1.58e-12	76.6
NP_001353106.1	NP_001392504.1	28.261	184	108	3	2646	2826	1140	1302	1.32e-14	83.6
NP_001353106.1	NP_001392504.1	30.189	106	74	0	2701	2806	976	1081	1.58e-12	76.6
NP_001353106.1	NP_001392490.1	28.261	184	108	3	2646	2826	1140	1302	1.32e-14	83.6
NP_001353106.1	NP_001392490.1	30.189	106	74	0	2701	2806	976	1081	1.58e-12	76.6
NP_001353106.1	NP_001387410.1	28.261	184	108	3	2646	2826	1140	1302	1.32e-14	83.6
NP_001353106.1	NP_001387410.1	30.189	106	74	0	2701	2806	976	1081	1.58e-12	76.6
NP_001353106.1	NP_001381803.1	28.261	184	108	3	2646	2826	1140	1302	1.32e-14	83.6
NP_001353106.1	NP_001381803.1	30.189	106	74	0	2701	2806	976	1081	1.58e-12	76.6
NP_001353106.1	NP_001381802.1	28.261	184	108	3	2646	2826	1140	1302	1.32e-14	83.6
NP_001353106.1	NP_001381802.1	30.189	106	74	0	2701	2806	976	1081	1.58e-12	76.6
NP_001353106.1	NP_001353004.1	28.261	184	108	3	2646	2826	1152	1314	1.32e-14	83.6
NP_001353106.1	NP_001392505.1	28.261	184	108	3	2646	2826	1115	1277	1.32e-14	83.6
NP_001353106.1	NP_001392564.1	28.261	184	108	3	2646	2826	1116	1278	1.35e-14	83.6
NP_001353106.1	NP_001392562.1	28.261	184	108	3	2646	2826	1116	1278	1.35e-14	83.6
NP_001353106.1	NP_001392494.1	28.261	184	108	3	2646	2826	1116	1278	1.35e-14	83.6
NP_001353106.1	NP_001392487.1	28.261	184	108	3	2646	2826	1116	1278	1.35e-14	83.6
NP_001353106.1	NP_001387413.1	28.261	184	108	3	2646	2826	1116	1278	1.35e-14	83.6
NP_001353106.1	NP_001397837.1	59.649	57	17	2	2584	2636	117	171	1.40e-14	83.6
NP_001353106.1	NP_060783.3	28.261	184	108	3	2646	2826	1116	1278	1.43e-14	83.6
NP_001353106.1	XP_011514702.1	59.649	57	17	2	2584	2636	117	171	1.44e-14	83.6
NP_001353106.1	XP_005250550.1	59.649	57	17	2	2584	2636	117	171	1.44e-14	83.6
NP_001353106.1	NP_891847.1	59.649	57	17	2	2584	2636	117	171	1.44e-14	83.6
NP_001353106.1	NP_061152.3	59.649	57	17	2	2584	2636	117	171	1.44e-14	83.6
NP_001353106.1	NP_001392500.1	28.261	184	108	3	2646	2826	1156	1318	1.44e-14	83.6
NP_001353106.1	NP_001392500.1	30.189	106	74	0	2701	2806	992	1097	1.65e-12	76.6
NP_001353106.1	NP_001392503.1	28.261	184	108	3	2646	2826	1158	1320	1.44e-14	83.6
NP_001353106.1	NP_001392503.1	30.189	106	74	0	2701	2806	994	1099	1.61e-12	76.6
NP_001353106.1	NP_001337005.1	28.261	184	108	3	2646	2826	1176	1338	1.44e-14	83.6
NP_001353106.1	NP_001337005.1	30.189	106	74	0	2701	2806	1012	1117	1.61e-12	76.6
NP_001353106.1	NP_001392538.1	28.261	184	108	3	2646	2826	1141	1303	1.47e-14	83.6
NP_001353106.1	NP_001392538.1	30.189	106	74	0	2701	2806	977	1082	1.67e-12	76.6
NP_001353106.1	NP_001392524.1	28.261	184	108	3	2646	2826	1118	1280	1.48e-14	83.6
NP_001353106.1	NP_001392524.1	30.189	106	74	0	2701	2806	954	1059	1.72e-12	76.6
NP_001353106.1	NP_001392498.1	28.261	184	108	3	2646	2826	1149	1311	1.49e-14	83.6
NP_001353106.1	NP_001392498.1	30.189	106	74	0	2701	2806	985	1090	1.78e-12	76.6
NP_001353106.1	NP_001392553.1	28.261	184	108	3	2646	2826	1140	1302	1.51e-14	83.6
NP_001353106.1	NP_001392553.1	30.189	106	74	0	2701	2806	976	1081	1.64e-12	76.6
NP_001353106.1	NP_001392492.1	28.261	184	108	3	2646	2826	1140	1302	1.51e-14	83.6
NP_001353106.1	NP_001392492.1	30.189	106	74	0	2701	2806	976	1081	1.64e-12	76.6
NP_001353106.1	NP_001381806.1	28.261	184	108	3	2646	2826	1140	1302	1.51e-14	83.6
NP_001353106.1	NP_001381806.1	30.189	106	74	0	2701	2806	976	1081	1.64e-12	76.6
NP_001353106.1	NP_001381805.1	28.261	184	108	3	2646	2826	1140	1302	1.51e-14	83.6
NP_001353106.1	NP_001381805.1	30.189	106	74	0	2701	2806	976	1081	1.64e-12	76.6
NP_001353106.1	NP_001392509.1	28.261	184	108	3	2646	2826	1123	1285	1.54e-14	83.2
NP_001353106.1	NP_001392551.1	28.261	184	108	3	2646	2826	1162	1324	1.57e-14	83.2
NP_001353106.1	NP_001392551.1	30.189	106	74	0	2701	2806	998	1103	1.61e-12	76.6
NP_001353106.1	NP_001392482.1	28.261	184	108	3	2646	2826	1162	1324	1.57e-14	83.2
NP_001353106.1	NP_001392482.1	30.189	106	74	0	2701	2806	998	1103	1.61e-12	76.6
NP_001353106.1	NP_001392502.1	28.261	184	108	3	2646	2826	1078	1240	1.57e-14	83.2
NP_001353106.1	NP_001392502.1	30.189	106	74	0	2701	2806	914	1019	1.79e-12	76.6
NP_001353106.1	NP_001392483.1	28.261	184	108	3	2646	2826	1176	1338	1.58e-14	83.2
NP_001353106.1	NP_001392483.1	30.189	106	74	0	2701	2806	1012	1117	1.69e-12	76.6
NP_001353106.1	NP_001392529.1	28.261	184	108	3	2646	2826	1159	1321	1.59e-14	83.2
NP_001353106.1	NP_001392529.1	30.189	106	74	0	2701	2806	995	1100	1.66e-12	76.6
NP_001353106.1	NP_001381799.1	28.261	184	108	3	2646	2826	1159	1321	1.59e-14	83.2
NP_001353106.1	NP_001381799.1	30.189	106	74	0	2701	2806	995	1100	1.66e-12	76.6
NP_001353106.1	NP_001381808.1	28.261	184	108	3	2646	2826	1109	1271	1.61e-14	83.2
NP_001353106.1	NP_001381808.1	30.189	106	74	0	2701	2806	945	1050	1.64e-12	76.6
NP_001353106.1	NP_001337006.1	28.261	184	108	3	2646	2826	1174	1336	1.62e-14	83.2
NP_001353106.1	NP_001337006.1	30.189	106	74	0	2701	2806	1010	1115	1.73e-12	76.6
NP_001353106.1	NP_001352999.1	28.261	184	108	3	2646	2826	1177	1339	1.65e-14	83.2
NP_001353106.1	NP_001352999.1	30.189	106	74	0	2701	2806	1013	1118	1.72e-12	76.6
NP_001353106.1	NP_001337007.1	28.261	184	108	3	2646	2826	1177	1339	1.65e-14	83.2
NP_001353106.1	NP_001337007.1	30.189	106	74	0	2701	2806	1013	1118	1.72e-12	76.6
NP_001353106.1	NP_001337003.1	28.261	184	108	3	2646	2826	1177	1339	1.65e-14	83.2
NP_001353106.1	NP_001337003.1	30.189	106	74	0	2701	2806	1013	1118	1.72e-12	76.6
NP_001353106.1	NP_001392566.1	28.261	184	108	3	2646	2826	1147	1309	1.66e-14	83.2
NP_001353106.1	NP_001392566.1	30.189	106	74	0	2701	2806	983	1088	1.69e-12	76.6
NP_001353106.1	NP_001392560.1	28.261	184	108	3	2646	2826	1141	1303	1.67e-14	83.2
NP_001353106.1	NP_001392560.1	30.189	106	74	0	2701	2806	977	1082	1.80e-12	76.6
NP_001353106.1	NP_001392559.1	28.261	184	108	3	2646	2826	1141	1303	1.67e-14	83.2
NP_001353106.1	NP_001392559.1	30.189	106	74	0	2701	2806	977	1082	1.80e-12	76.6
NP_001353106.1	NP_001392557.1	28.261	184	108	3	2646	2826	1141	1303	1.67e-14	83.2
NP_001353106.1	NP_001392557.1	30.189	106	74	0	2701	2806	977	1082	1.80e-12	76.6
NP_001353106.1	NP_001392552.1	28.261	184	108	3	2646	2826	1141	1303	1.67e-14	83.2
NP_001353106.1	NP_001392552.1	30.189	106	74	0	2701	2806	977	1082	1.80e-12	76.6
NP_001353106.1	NP_001392486.1	28.261	184	108	3	2646	2826	1141	1303	1.67e-14	83.2
NP_001353106.1	NP_001392486.1	30.189	106	74	0	2701	2806	977	1082	1.80e-12	76.6
NP_001353106.1	NP_001392485.1	28.261	184	108	3	2646	2826	1141	1303	1.67e-14	83.2
NP_001353106.1	NP_001392485.1	30.189	106	74	0	2701	2806	977	1082	1.80e-12	76.6
NP_001353106.1	NP_001387408.1	28.261	184	108	3	2646	2826	1141	1303	1.67e-14	83.2
NP_001353106.1	NP_001387408.1	30.189	106	74	0	2701	2806	977	1082	1.80e-12	76.6
NP_001353106.1	NP_001387404.1	28.261	184	108	3	2646	2826	1141	1303	1.67e-14	83.2
NP_001353106.1	NP_001387404.1	30.189	106	74	0	2701	2806	977	1082	1.80e-12	76.6
NP_001353106.1	NP_001387403.1	28.261	184	108	3	2646	2826	1141	1303	1.67e-14	83.2
NP_001353106.1	NP_001387403.1	30.189	106	74	0	2701	2806	977	1082	1.80e-12	76.6
NP_001353106.1	NP_001381801.1	28.261	184	108	3	2646	2826	1141	1303	1.67e-14	83.2
NP_001353106.1	NP_001381801.1	30.189	106	74	0	2701	2806	977	1082	1.80e-12	76.6
NP_001353106.1	NP_001337004.1	28.261	184	108	3	2646	2826	1141	1303	1.67e-14	83.2
NP_001353106.1	NP_001337004.1	30.189	106	74	0	2701	2806	977	1082	1.80e-12	76.6
NP_001353106.1	NP_001392531.1	28.261	184	108	3	2646	2826	1108	1270	1.72e-14	83.2
NP_001353106.1	NP_001392531.1	30.189	106	74	0	2701	2806	944	1049	1.80e-12	76.6
NP_001353106.1	NP_001392526.1	28.261	184	108	3	2646	2826	1102	1264	1.72e-14	83.2
NP_001353106.1	NP_001392526.1	30.189	106	74	0	2701	2806	938	1043	1.83e-12	76.6
NP_001353106.1	NP_001353001.1	28.261	184	108	3	2646	2826	1162	1324	1.72e-14	83.2
NP_001353106.1	NP_001353001.1	30.189	106	74	0	2701	2806	998	1103	1.63e-12	76.6
NP_001353106.1	NP_001381807.1	28.261	184	108	3	2646	2826	1129	1291	1.75e-14	83.2
NP_001353106.1	NP_001381807.1	30.189	106	74	0	2701	2806	965	1070	1.73e-12	76.6
NP_001353106.1	NP_851385.1	28.261	184	108	3	2646	2826	1141	1303	1.76e-14	83.2
NP_001353106.1	NP_851385.1	30.189	106	74	0	2701	2806	977	1082	1.80e-12	76.6
NP_001353106.1	NP_001392569.1	28.261	184	108	3	2646	2826	1141	1303	1.76e-14	83.2
NP_001353106.1	NP_001392569.1	30.189	106	74	0	2701	2806	977	1082	1.80e-12	76.6
NP_001353106.1	NP_001392556.1	28.261	184	108	3	2646	2826	1141	1303	1.76e-14	83.2
NP_001353106.1	NP_001392556.1	30.189	106	74	0	2701	2806	977	1082	1.80e-12	76.6
NP_001353106.1	NP_001392555.1	28.261	184	108	3	2646	2826	1141	1303	1.76e-14	83.2
NP_001353106.1	NP_001392555.1	30.189	106	74	0	2701	2806	977	1082	1.80e-12	76.6
NP_001353106.1	NP_001392522.1	28.261	184	108	3	2646	2826	1141	1303	1.76e-14	83.2
NP_001353106.1	NP_001392522.1	30.189	106	74	0	2701	2806	977	1082	1.80e-12	76.6
NP_001353106.1	NP_001392506.1	28.261	184	108	3	2646	2826	1141	1303	1.76e-14	83.2
NP_001353106.1	NP_001392506.1	30.189	106	74	0	2701	2806	977	1082	1.80e-12	76.6
NP_001353106.1	NP_001392484.1	28.261	184	108	3	2646	2826	1141	1303	1.76e-14	83.2
NP_001353106.1	NP_001392484.1	30.189	106	74	0	2701	2806	977	1082	1.80e-12	76.6
NP_001353106.1	NP_001387430.1	28.261	184	108	3	2646	2826	1141	1303	1.76e-14	83.2
NP_001353106.1	NP_001387430.1	30.189	106	74	0	2701	2806	977	1082	1.80e-12	76.6
NP_001353106.1	NP_001387429.1	28.261	184	108	3	2646	2826	1141	1303	1.76e-14	83.2
NP_001353106.1	NP_001387429.1	30.189	106	74	0	2701	2806	977	1082	1.80e-12	76.6
NP_001353106.1	NP_001387425.1	28.261	184	108	3	2646	2826	1141	1303	1.76e-14	83.2
NP_001353106.1	NP_001387425.1	30.189	106	74	0	2701	2806	977	1082	1.80e-12	76.6
NP_001353106.1	NP_001381804.1	28.261	184	108	3	2646	2826	1141	1303	1.76e-14	83.2
NP_001353106.1	NP_001381804.1	30.189	106	74	0	2701	2806	977	1082	1.80e-12	76.6
NP_001353106.1	NP_001392571.1	28.261	184	108	3	2646	2826	1108	1270	1.76e-14	83.2
NP_001353106.1	NP_001392571.1	30.189	106	74	0	2701	2806	944	1049	1.83e-12	76.6
NP_001353106.1	NP_001392489.1	28.261	184	108	3	2646	2826	1108	1270	1.76e-14	83.2
NP_001353106.1	NP_001392489.1	30.189	106	74	0	2701	2806	944	1049	1.83e-12	76.6
NP_001353106.1	NP_001392497.1	28.261	184	108	3	2646	2826	1150	1312	1.76e-14	83.2
NP_001353106.1	NP_001392497.1	30.189	106	74	0	2701	2806	986	1091	1.80e-12	76.6
NP_001353106.1	NP_001392516.1	28.261	184	108	3	2646	2826	1093	1255	1.79e-14	83.2
NP_001353106.1	NP_001392516.1	30.189	106	74	0	2701	2806	929	1034	1.87e-12	76.6
NP_001353106.1	NP_001392567.1	28.261	184	108	3	2646	2826	1109	1271	1.79e-14	83.2
NP_001353106.1	NP_001392567.1	30.189	106	74	0	2701	2806	945	1050	1.74e-12	76.6
NP_001353106.1	NP_001392535.1	28.261	184	108	3	2646	2826	1109	1271	1.79e-14	83.2
NP_001353106.1	NP_001392535.1	30.189	106	74	0	2701	2806	945	1050	1.74e-12	76.6
NP_001353106.1	NP_001392528.1	28.261	184	108	3	2646	2826	1109	1271	1.79e-14	83.2
NP_001353106.1	NP_001392528.1	30.189	106	74	0	2701	2806	945	1050	1.74e-12	76.6
NP_001353106.1	NP_001392511.1	28.261	184	108	3	2646	2826	1109	1271	1.79e-14	83.2
NP_001353106.1	NP_001392511.1	30.189	106	74	0	2701	2806	945	1050	1.74e-12	76.6
NP_001353106.1	NP_001387416.1	28.261	184	108	3	2646	2826	1109	1271	1.79e-14	83.2
NP_001353106.1	NP_001387416.1	30.189	106	74	0	2701	2806	945	1050	1.74e-12	76.6
NP_001353106.1	NP_001387401.1	28.261	184	108	3	2646	2826	1148	1310	1.80e-14	83.2
NP_001353106.1	NP_001387401.1	30.189	106	74	0	2701	2806	984	1089	1.86e-12	76.6
NP_001353106.1	NP_001392565.1	28.261	184	108	3	2646	2826	1150	1312	1.83e-14	83.2
NP_001353106.1	NP_001392565.1	30.189	106	74	0	2701	2806	986	1091	1.84e-12	76.6
NP_001353106.1	NP_001392493.1	28.261	184	108	3	2646	2826	1150	1312	1.83e-14	83.2
NP_001353106.1	NP_001392493.1	30.189	106	74	0	2701	2806	986	1091	1.84e-12	76.6
NP_001353106.1	NP_001353002.1	28.261	184	108	3	2646	2826	1159	1321	1.84e-14	83.2
NP_001353106.1	NP_001353002.1	30.189	106	74	0	2701	2806	995	1100	1.82e-12	76.6
NP_001353106.1	NP_001353003.1	28.261	184	108	3	2646	2826	1158	1320	1.87e-14	83.2
NP_001353106.1	NP_001353003.1	30.189	106	74	0	2701	2806	994	1099	1.85e-12	76.6
NP_001353106.1	NP_001392540.1	28.261	184	108	3	2646	2826	1115	1277	1.87e-14	83.2
NP_001353106.1	NP_001392537.1	28.261	184	108	3	2646	2826	737	899	1.90e-14	82.8
NP_001353106.1	NP_001353005.1	28.261	184	108	3	2646	2826	1142	1304	1.98e-14	83.2
NP_001353106.1	NP_001353005.1	30.189	106	74	0	2701	2806	978	1083	1.81e-12	76.6
NP_001353106.1	NP_001392525.1	28.261	184	108	3	2646	2826	505	667	2.34e-14	82.4
NP_001353106.1	NP_001392525.1	30.189	106	74	0	2701	2806	341	446	2.19e-12	75.9
NP_001353106.1	NP_001392539.1	28.261	184	108	3	2646	2826	1141	1303	2.73e-14	82.4
NP_001353106.1	NP_001392539.1	30.189	106	74	0	2701	2806	977	1082	2.31e-12	76.3
NP_001353106.1	XP_047276569.1	59.649	57	17	2	2584	2636	117	171	2.84e-14	82.4
NP_001353106.1	NP_001392495.1	28.261	184	108	3	2646	2826	505	667	3.05e-14	82.0
NP_001353106.1	NP_001392495.1	30.189	106	74	0	2701	2806	341	446	2.48e-12	75.9
NP_001353106.1	NP_003473.3	31.507	146	98	2	2137	2281	5389	5533	1.37e-13	80.5
NP_001353106.1	NP_733751.2	29.452	146	101	2	2137	2281	4763	4907	2.00e-13	80.1
NP_001353106.1	NP_001392541.1	30.189	106	74	0	2701	2806	977	1082	2.54e-12	75.9
NP_001353106.1	NP_001123582.1	40.476	126	59	5	64	178	84	204	3.77e-12	71.2
NP_001353106.1	NP_001180356.1	29.412	170	87	8	2147	2284	1	169	3.53e-11	66.6
