NP_001353106.1	XP_030108328.1	91.212	2970	248	9	1	2969	1	2958	0.0	5332
NP_001353106.1	XP_006501205.1	91.212	2970	248	9	1	2969	1	2958	0.0	5332
NP_001353106.1	XP_006501204.1	91.212	2970	248	9	1	2969	1	2958	0.0	5332
NP_001353106.1	NP_619620.3	91.212	2970	248	9	1	2969	1	2958	0.0	5332
NP_001353106.1	XP_017174988.1	89.554	2039	206	7	1	2038	1	2033	0.0	3469
NP_001353106.1	XP_036018849.1	89.810	1943	191	7	1	1942	1	1937	0.0	3328
NP_001353106.1	XP_036018850.1	92.061	1310	96	4	1660	2969	2	1303	0.0	2451
NP_001353106.1	XP_017174991.1	92.216	1259	90	4	1711	2969	2	1252	0.0	2380
NP_001353106.1	XP_030103041.1	41.111	270	132	9	2067	2326	1866	2118	1.07e-49	199
NP_001353106.1	XP_006517205.1	41.111	270	132	9	2067	2326	1866	2118	1.07e-49	199
NP_001353106.1	XP_006517204.1	41.111	270	132	9	2067	2326	1866	2118	1.07e-49	199
NP_001353106.1	XP_006517203.1	41.111	270	132	9	2067	2326	1866	2118	1.07e-49	199
NP_001353106.1	XP_006517201.1	41.111	270	132	9	2067	2326	1866	2118	1.07e-49	199
NP_001353106.1	XP_006517200.1	41.111	270	132	9	2067	2326	1866	2118	1.07e-49	199
NP_001353106.1	XP_006517199.1	41.111	270	132	9	2067	2326	1866	2118	1.07e-49	199
NP_001353106.1	XP_006517198.1	41.111	270	132	9	2067	2326	1866	2118	1.07e-49	199
NP_001353106.1	XP_006517197.1	41.111	270	132	9	2067	2326	1866	2118	1.07e-49	199
NP_001353106.1	NP_032765.3	41.111	270	132	9	2067	2326	1866	2118	1.07e-49	199
NP_001353106.1	XP_036013803.1	41.111	270	132	9	2067	2326	1481	1733	1.27e-49	198
NP_001353106.1	XP_036013802.1	41.111	270	132	9	2067	2326	1481	1733	1.27e-49	198
NP_001353106.1	XP_036013801.1	41.111	270	132	9	2067	2326	1481	1733	1.27e-49	198
NP_001353106.1	XP_036013800.1	41.111	270	132	9	2067	2326	1481	1733	1.27e-49	198
NP_001353106.1	XP_036013799.1	41.111	270	132	9	2067	2326	1481	1733	1.27e-49	198
NP_001353106.1	XP_036013798.1	41.111	270	132	9	2067	2326	1596	1848	1.63e-49	198
NP_001353106.1	XP_030103046.1	41.111	270	132	9	2067	2326	1596	1848	1.63e-49	198
NP_001353106.1	XP_030103044.1	41.111	270	132	9	2067	2326	1596	1848	1.63e-49	198
NP_001353106.1	XP_030103042.1	41.111	270	132	9	2067	2326	1596	1848	1.63e-49	198
NP_001353106.1	XP_006517210.1	41.111	270	132	9	2067	2326	1596	1848	1.63e-49	198
NP_001353106.1	XP_006517209.1	41.111	270	132	9	2067	2326	1596	1848	1.63e-49	198
NP_001353106.1	XP_006517207.1	41.111	270	132	9	2067	2326	1596	1848	1.63e-49	198
NP_001353106.1	NP_001395629.1	41.111	270	132	9	2067	2326	1596	1848	1.63e-49	198
NP_001353106.1	NP_001395628.1	41.111	270	132	9	2067	2326	1596	1848	1.63e-49	198
NP_001353106.1	NP_001395627.1	41.111	270	132	9	2067	2326	1596	1848	1.63e-49	198
NP_001353106.1	XP_006517211.1	41.111	270	132	9	2067	2326	1866	2118	3.02e-49	197
NP_001353106.1	NP_001395630.1	41.111	270	132	9	2067	2326	1866	2118	3.05e-49	197
NP_001353106.1	NP_001395634.1	41.111	270	132	9	2067	2326	1596	1848	6.07e-49	196
NP_001353106.1	NP_001395633.1	41.111	270	132	9	2067	2326	1596	1848	6.07e-49	196
NP_001353106.1	NP_001395632.1	41.111	270	132	9	2067	2326	1596	1848	6.07e-49	196
NP_001353106.1	NP_001395631.1	41.111	270	132	9	2067	2326	1596	1848	6.07e-49	196
NP_001353106.1	XP_030103047.1	41.111	270	132	9	2067	2326	341	593	9.49e-49	194
NP_001353106.1	NP_001074809.2	38.132	257	128	10	2049	2289	1427	1668	5.99e-45	183
NP_001353106.1	XP_006512155.1	38.132	257	128	10	2049	2289	1432	1673	6.36e-45	183
NP_001353106.1	XP_006512154.1	38.132	257	128	10	2049	2289	1435	1676	6.47e-45	183
NP_001353106.1	XP_036010810.1	38.132	257	128	10	2049	2289	1436	1677	6.53e-45	183
NP_001353106.1	XP_006512151.1	38.132	257	128	10	2049	2289	1440	1681	6.53e-45	183
NP_001353106.1	XP_036010809.1	38.132	257	128	10	2049	2289	1441	1682	6.81e-45	183
NP_001353106.1	XP_036010808.1	38.132	257	128	10	2049	2289	1441	1682	6.99e-45	182
NP_001353106.1	NP_001074738.1	42.727	220	115	6	2072	2285	1081	1295	1.42e-44	181
NP_001353106.1	XP_006503722.1	39.738	229	131	5	2072	2296	990	1215	4.93e-43	176
NP_001353106.1	XP_006503721.1	39.738	229	131	5	2072	2296	990	1215	4.93e-43	176
NP_001353106.1	NP_001074571.2	39.738	229	131	5	2072	2296	990	1215	4.93e-43	176
NP_001353106.1	XP_030109896.1	39.738	229	131	5	2072	2296	989	1214	5.54e-43	176
NP_001353106.1	XP_006503723.1	39.738	229	131	5	2072	2296	989	1214	5.54e-43	176
NP_001353106.1	NP_780440.2	39.738	229	131	5	2072	2296	989	1214	5.54e-43	176
NP_001353106.1	NP_444329.2	70.769	65	19	0	1795	1859	1388	1452	6.26e-20	100
NP_001353106.1	NP_444329.2	44.628	121	47	7	64	173	77	188	2.00e-12	75.9
NP_001353106.1	XP_011240744.1	35.036	137	85	2	2150	2284	3830	3964	6.26e-20	100
NP_001353106.1	XP_030100077.1	35.036	137	85	2	2150	2284	3827	3961	6.37e-20	100
NP_001353106.1	XP_011240745.1	35.036	137	85	2	2150	2284	3830	3964	6.37e-20	100
NP_001353106.1	NP_001344478.1	35.036	137	85	2	2150	2284	3831	3965	6.37e-20	100
NP_001353106.1	XP_006510191.1	35.036	137	85	2	2150	2284	3828	3962	6.42e-20	100
NP_001353106.1	XP_030111015.1	36.184	152	85	4	2121	2262	305	454	9.78e-20	97.4
NP_001353106.1	NP_001396757.1	35.000	160	92	4	2113	2262	529	686	1.26e-19	98.6
NP_001353106.1	NP_001396756.1	35.000	160	92	4	2113	2262	529	686	1.26e-19	98.6
NP_001353106.1	NP_001396755.1	35.000	160	92	4	2113	2262	529	686	1.26e-19	98.6
NP_001353106.1	NP_001396754.1	35.000	160	92	4	2113	2262	529	686	1.26e-19	98.6
NP_001353106.1	NP_001396753.1	35.000	160	92	4	2113	2262	529	686	1.26e-19	98.6
NP_001353106.1	NP_001396752.1	35.000	160	92	4	2113	2262	529	686	1.26e-19	98.6
NP_001353106.1	XP_036021720.1	35.000	160	92	4	2113	2262	520	677	1.29e-19	98.6
NP_001353106.1	NP_001396759.1	35.000	160	92	4	2113	2262	520	677	1.29e-19	98.6
NP_001353106.1	NP_001396760.1	35.000	160	92	4	2113	2262	490	647	1.35e-19	98.6
NP_001353106.1	NP_001396751.1	35.000	160	92	4	2113	2262	534	691	1.52e-19	98.6
NP_001353106.1	XP_036010712.1	35.036	137	85	2	2150	2284	2625	2759	1.54e-19	99.4
NP_001353106.1	NP_001396758.1	35.000	160	92	4	2113	2262	525	682	1.55e-19	98.2
NP_001353106.1	XP_036021715.1	35.000	160	92	4	2113	2262	571	728	2.95e-19	97.4
NP_001353106.1	XP_036021713.1	35.000	160	92	4	2113	2262	571	728	2.95e-19	97.4
NP_001353106.1	NP_031997.2	35.000	160	92	4	2113	2262	571	728	2.95e-19	97.4
NP_001353106.1	NP_001396746.1	35.000	160	92	4	2113	2262	571	728	2.95e-19	97.4
NP_001353106.1	NP_001396745.1	35.000	160	92	4	2113	2262	571	728	2.95e-19	97.4
NP_001353106.1	NP_001396744.1	35.000	160	92	4	2113	2262	571	728	2.95e-19	97.4
NP_001353106.1	NP_001396743.1	35.000	160	92	4	2113	2262	571	728	2.95e-19	97.4
NP_001353106.1	NP_001396742.1	35.000	160	92	4	2113	2262	571	728	2.95e-19	97.4
NP_001353106.1	XP_036018338.1	33.702	181	93	8	2127	2284	81	257	3.12e-19	92.0
NP_001353106.1	NP_001396750.1	35.000	160	92	4	2113	2262	562	719	3.16e-19	97.4
NP_001353106.1	NP_001396749.1	35.000	160	92	4	2113	2262	562	719	3.16e-19	97.4
NP_001353106.1	NP_001396748.1	35.000	160	92	4	2113	2262	562	719	3.16e-19	97.4
NP_001353106.1	NP_001396747.1	35.000	160	92	4	2113	2262	562	719	3.16e-19	97.4
NP_001353106.1	XP_036021712.1	35.000	160	92	4	2113	2262	576	733	3.21e-19	97.4
NP_001353106.1	XP_036021711.1	35.000	160	92	4	2113	2262	576	733	3.21e-19	97.4
NP_001353106.1	XP_036021710.1	35.000	160	92	4	2113	2262	576	733	3.21e-19	97.4
NP_001353106.1	NP_001396741.1	35.000	160	92	4	2113	2262	576	733	3.21e-19	97.4
NP_001353106.1	NP_001396740.1	35.000	160	92	4	2113	2262	576	733	3.21e-19	97.4
NP_001353106.1	NP_001396739.1	35.000	160	92	4	2113	2262	576	733	3.21e-19	97.4
NP_001353106.1	XP_036021725.1	40.187	107	63	1	2156	2262	391	496	3.44e-19	96.3
NP_001353106.1	XP_036021724.1	40.187	107	63	1	2156	2262	391	496	3.44e-19	96.3
NP_001353106.1	XP_006505590.1	40.187	107	63	1	2156	2262	391	496	3.44e-19	96.3
NP_001353106.1	XP_036021716.1	35.000	160	92	4	2113	2262	567	724	3.69e-19	97.4
NP_001353106.1	NP_001140161.1	35.000	160	92	4	2113	2262	567	724	3.69e-19	97.4
NP_001353106.1	XP_036021722.1	35.000	160	92	4	2113	2262	462	619	4.09e-19	96.7
NP_001353106.1	XP_036021721.1	40.187	107	63	1	2156	2262	519	624	4.69e-19	96.7
NP_001353106.1	NP_001263285.1	33.143	175	94	7	2127	2280	88	260	5.95e-19	91.7
NP_001353106.1	NP_848478.2	33.143	175	94	7	2127	2280	123	295	7.31e-19	92.4
NP_001353106.1	NP_073561.2	33.690	187	96	9	2121	2284	295	476	2.78e-18	93.2
NP_001353106.1	NP_031996.1	40.187	107	63	1	2156	2262	627	732	3.33e-18	94.4
NP_001353106.1	NP_001390750.1	40.187	107	63	1	2156	2262	627	732	3.33e-18	94.4
NP_001353106.1	NP_001390738.1	40.187	107	63	1	2156	2262	624	729	3.46e-18	94.0
NP_001353106.1	NP_665829.1	34.091	176	93	9	2117	2281	1066	1229	5.75e-18	94.0
NP_001353106.1	NP_001273502.1	34.091	176	93	9	2117	2281	1032	1195	5.77e-18	94.0
NP_001353106.1	NP_001390736.1	40.952	105	61	1	2156	2260	627	730	6.25e-18	93.2
NP_001353106.1	NP_001390751.1	40.952	105	61	1	2156	2260	627	730	6.34e-18	93.2
NP_001353106.1	NP_001390739.1	40.952	105	61	1	2156	2260	627	730	6.34e-18	93.2
NP_001353106.1	NP_001390796.1	34.091	176	93	9	2117	2281	1197	1360	6.48e-18	94.0
NP_001353106.1	NP_001390799.1	34.091	176	93	9	2117	2281	1019	1182	6.97e-18	93.6
NP_001353106.1	NP_001390740.1	40.952	105	61	1	2156	2260	611	714	7.07e-18	93.2
NP_001353106.1	NP_001273504.1	34.091	176	93	9	2117	2281	1009	1172	7.12e-18	93.6
NP_001353106.1	NP_001390798.1	34.091	176	93	9	2117	2281	1163	1326	7.47e-18	93.6
NP_001353106.1	NP_671493.1	34.091	176	93	9	2117	2281	975	1138	7.89e-18	93.6
NP_001353106.1	XP_030105308.1	34.091	176	93	9	2117	2281	985	1148	8.13e-18	93.6
NP_001353106.1	XP_030107150.1	29.231	195	100	8	2121	2281	221	411	2.20e-17	89.7
NP_001353106.1	NP_001345166.1	29.231	195	100	8	2121	2281	222	412	2.24e-17	89.7
NP_001353106.1	NP_001277645.1	29.688	192	100	8	2121	2281	222	409	2.47e-17	89.4
NP_001353106.1	XP_006530301.1	34.615	130	80	3	2157	2284	1859	1985	2.49e-17	92.0
NP_001353106.1	XP_006530300.1	34.615	130	80	3	2157	2284	1859	1985	2.49e-17	92.0
NP_001353106.1	NP_035644.1	29.688	192	100	8	2121	2281	221	408	2.52e-17	89.4
NP_001353106.1	NP_001103157.1	31.694	183	106	8	2117	2290	1051	1223	2.52e-17	92.0
NP_001353106.1	NP_001035488.2	34.615	130	80	3	2157	2284	1858	1984	2.59e-17	92.0
NP_001353106.1	XP_036016154.1	34.091	176	93	9	2117	2281	813	976	2.68e-17	91.7
NP_001353106.1	XP_036016153.1	34.091	176	93	9	2117	2281	813	976	2.68e-17	91.7
NP_001353106.1	XP_030108075.1	31.694	183	106	8	2117	2290	1064	1236	2.81e-17	91.7
NP_001353106.1	XP_036016155.1	34.091	176	93	9	2117	2281	803	966	2.85e-17	91.7
NP_001353106.1	XP_030108081.1	31.694	183	106	8	2117	2290	1058	1230	2.87e-17	91.7
NP_001353106.1	XP_006498494.1	31.694	183	106	8	2117	2290	1067	1239	2.91e-17	91.7
NP_001353106.1	XP_030108083.1	31.694	183	106	8	2117	2290	1057	1229	2.97e-17	91.7
NP_001353106.1	XP_030108088.1	31.694	183	106	8	2117	2290	1021	1193	3.05e-17	91.7
NP_001353106.1	XP_030108079.1	31.694	183	106	8	2117	2290	1059	1231	3.18e-17	91.7
NP_001353106.1	XP_030108077.1	31.694	183	106	8	2117	2290	1060	1232	3.18e-17	91.7
NP_001353106.1	XP_030108082.1	31.694	183	106	8	2117	2290	1057	1229	3.20e-17	91.7
NP_001353106.1	XP_030108089.1	31.694	183	106	8	2117	2290	1019	1191	3.24e-17	91.7
NP_001353106.1	XP_030108090.1	31.694	183	106	8	2117	2290	1018	1190	3.26e-17	91.7
NP_001353106.1	XP_030108073.1	31.694	183	106	8	2117	2290	1071	1243	3.33e-17	91.7
NP_001353106.1	XP_030108072.1	31.694	183	106	8	2117	2290	1071	1243	3.33e-17	91.7
NP_001353106.1	XP_030108071.1	31.694	183	106	8	2117	2290	1073	1245	3.42e-17	91.3
NP_001353106.1	XP_036018606.1	31.694	183	106	8	2117	2290	1078	1250	3.54e-17	91.3
NP_001353106.1	NP_766133.2	31.694	183	106	8	2117	2290	1092	1264	3.59e-17	91.3
NP_001353106.1	XP_036018605.1	31.694	183	106	8	2117	2290	1080	1252	3.63e-17	91.3
NP_001353106.1	NP_001012536.2	31.694	183	106	8	2117	2290	1099	1271	3.69e-17	91.3
NP_001353106.1	NP_001103156.1	31.694	183	106	8	2117	2290	1046	1218	3.87e-17	91.3
NP_001353106.1	XP_036018604.1	31.694	183	106	8	2117	2290	1094	1266	3.97e-17	91.3
NP_001353106.1	XP_030108068.1	31.694	183	106	8	2117	2290	1106	1278	4.06e-17	91.3
NP_001353106.1	XP_006498488.1	31.694	183	106	8	2117	2290	1108	1280	4.09e-17	91.3
NP_001353106.1	XP_030108070.1	31.694	183	106	8	2117	2290	1105	1277	4.13e-17	91.3
NP_001353106.1	XP_017174824.1	31.694	183	106	8	2117	2290	1089	1261	4.14e-17	91.3
NP_001353106.1	XP_006498493.1	31.694	183	106	8	2117	2290	1069	1241	4.14e-17	91.3
NP_001353106.1	XP_006498489.1	31.694	183	106	8	2117	2290	1107	1279	4.16e-17	91.3
NP_001353106.1	XP_030108069.1	31.694	183	106	8	2117	2290	1105	1277	4.20e-17	91.3
NP_001353106.1	XP_030108067.1	31.694	183	106	8	2117	2290	1107	1279	4.20e-17	91.3
NP_001353106.1	XP_006498486.1	31.694	183	106	8	2117	2290	1114	1286	4.32e-17	91.3
NP_001353106.1	XP_006498487.1	31.694	183	106	8	2117	2290	1112	1284	4.42e-17	91.3
NP_001353106.1	XP_030108074.1	31.694	183	106	8	2117	2290	1066	1238	4.43e-17	91.3
NP_001353106.1	XP_030108091.1	31.694	183	106	8	2117	2290	1008	1180	4.44e-17	90.9
NP_001353106.1	XP_006498485.1	31.694	183	106	8	2117	2290	1115	1287	4.50e-17	91.3
NP_001353106.1	XP_036018608.1	31.694	183	106	8	2117	2290	1045	1217	4.58e-17	90.9
NP_001353106.1	XP_030108078.1	31.694	183	106	8	2117	2290	1059	1231	4.69e-17	90.9
NP_001353106.1	XP_006498495.1	31.694	183	106	8	2117	2290	1062	1234	4.73e-17	90.9
NP_001353106.1	XP_017174825.1	31.694	183	106	8	2117	2290	1052	1224	4.83e-17	90.9
NP_001353106.1	XP_030108087.1	31.694	183	106	8	2117	2290	1042	1214	4.86e-17	90.9
NP_001353106.1	XP_030108086.1	31.694	183	106	8	2117	2290	1043	1215	4.86e-17	90.9
NP_001353106.1	XP_030108076.1	31.694	183	106	8	2117	2290	1060	1232	4.89e-17	90.9
NP_001353106.1	XP_030108085.1	31.694	183	106	8	2117	2290	1044	1216	5.03e-17	90.9
NP_001353106.1	XP_036018609.1	31.694	183	106	8	2117	2290	1042	1214	5.07e-17	90.9
NP_001353106.1	XP_030108084.1	31.694	183	106	8	2117	2290	1050	1222	5.12e-17	90.9
NP_001353106.1	XP_006540471.1	35.036	137	85	2	2150	2284	2586	2720	5.80e-17	90.9
NP_001353106.1	NP_001277502.1	35.036	137	85	2	2150	2284	2587	2721	5.80e-17	90.9
NP_001353106.1	NP_083550.2	35.036	137	85	2	2150	2284	2578	2712	6.25e-17	90.9
NP_001353106.1	XP_011245754.1	32.895	152	89	7	2121	2263	222	369	1.42e-16	87.4
NP_001353106.1	XP_006527637.1	32.895	152	89	7	2121	2263	221	368	1.58e-16	87.0
NP_001353106.1	XP_011249035.1	35.036	137	85	2	2150	2284	1570	1704	2.31e-16	89.0
NP_001353106.1	XP_036009397.1	35.036	137	85	2	2150	2284	1518	1652	2.75e-16	88.6
NP_001353106.1	XP_036009396.1	35.036	137	85	2	2150	2284	1518	1652	2.75e-16	88.6
NP_001353106.1	NP_821172.2	32.824	131	81	4	2157	2284	1589	1715	5.41e-16	87.8
NP_001353106.1	XP_006535869.1	59.649	57	17	2	2584	2636	117	171	6.63e-15	84.0
NP_001353106.1	XP_006535869.1	26.887	212	137	9	2159	2360	343	546	9.94e-09	63.9
NP_001353106.1	NP_001074720.1	28.261	184	108	3	2646	2826	1156	1318	6.85e-15	84.0
NP_001353106.1	NP_001074720.1	30.189	106	74	0	2701	2806	992	1097	9.45e-13	77.0
NP_001353106.1	NP_001074720.1	32.323	99	67	0	2451	2549	52	150	1.37e-08	63.2
NP_001353106.1	NP_001074720.1	27.407	135	97	1	2449	2582	386	520	5.28e-08	61.2
NP_001353106.1	NP_001074720.1	29.524	105	74	0	2445	2549	182	286	1.46e-06	56.6
NP_001353106.1	NP_001074720.1	25.439	114	85	0	2445	2558	673	786	3.50e-05	52.0
NP_001353106.1	NP_001074720.1	38.667	75	46	0	2475	2549	565	639	0.007	44.3
NP_001353106.1	XP_006535868.1	59.649	57	17	2	2584	2636	117	171	7.01e-15	84.0
NP_001353106.1	XP_006535868.1	26.887	212	137	9	2159	2360	343	546	8.87e-09	63.9
NP_001353106.1	NP_081260.1	59.649	57	17	2	2584	2636	117	171	7.01e-15	84.0
NP_001353106.1	NP_081260.1	26.887	212	137	9	2159	2360	343	546	8.87e-09	63.9
NP_001353106.1	XP_017176579.1	59.649	57	17	2	2584	2636	117	171	7.24e-15	84.0
NP_001353106.1	XP_017176579.1	26.887	212	137	9	2159	2360	343	546	1.02e-08	63.5
NP_001353106.1	NP_001346783.1	28.261	184	108	3	2646	2826	1174	1336	7.40e-15	84.0
NP_001353106.1	NP_001346783.1	30.189	106	74	0	2701	2806	1010	1115	9.33e-13	77.0
NP_001353106.1	NP_001346783.1	32.323	99	67	0	2451	2549	70	168	1.36e-08	63.2
NP_001353106.1	NP_001346783.1	27.407	135	97	1	2449	2582	404	538	5.08e-08	61.2
NP_001353106.1	NP_001346783.1	29.524	105	74	0	2445	2549	200	304	1.52e-06	56.6
NP_001353106.1	NP_001346783.1	25.439	114	85	0	2445	2558	691	804	3.29e-05	52.0
NP_001353106.1	NP_001346783.1	38.667	75	46	0	2475	2549	583	657	0.007	44.3
NP_001353106.1	XP_006535870.1	59.649	57	17	2	2584	2636	117	171	7.41e-15	84.0
NP_001353106.1	XP_006535870.1	26.887	212	137	9	2159	2360	343	546	1.01e-08	63.5
NP_001353106.1	NP_001346784.1	28.261	184	108	3	2646	2826	1174	1336	1.06e-14	83.6
NP_001353106.1	NP_001346784.1	30.189	106	74	0	2701	2806	1010	1115	1.16e-12	76.6
NP_001353106.1	NP_001346784.1	32.323	99	67	0	2451	2549	70	168	1.53e-08	63.2
NP_001353106.1	NP_001346784.1	27.407	135	97	1	2449	2582	404	538	5.96e-08	61.2
NP_001353106.1	NP_001346784.1	29.524	105	74	0	2445	2549	200	304	1.65e-06	56.2
NP_001353106.1	NP_001346784.1	25.439	114	85	0	2445	2558	691	804	3.67e-05	52.0
NP_001353106.1	NP_001346784.1	38.667	75	46	0	2475	2549	583	657	0.008	44.3
NP_001353106.1	NP_001346785.1	28.261	184	108	3	2646	2826	1162	1324	1.09e-14	83.2
NP_001353106.1	NP_001346785.1	30.189	106	74	0	2701	2806	998	1103	1.16e-12	76.6
NP_001353106.1	NP_001346785.1	32.323	99	67	0	2451	2549	73	171	1.54e-08	63.2
NP_001353106.1	NP_001346785.1	25.581	129	96	0	2449	2577	407	535	3.77e-07	58.5
NP_001353106.1	NP_001346785.1	29.524	105	74	0	2445	2549	203	307	1.75e-06	56.2
NP_001353106.1	NP_001346785.1	25.439	114	85	0	2445	2558	679	792	3.74e-05	52.0
NP_001353106.1	NP_001346785.1	38.667	75	46	0	2475	2549	571	645	0.008	44.3
NP_001353106.1	NP_001346787.1	28.261	184	108	3	2646	2826	1145	1307	1.34e-14	83.2
NP_001353106.1	NP_001346787.1	30.189	106	74	0	2701	2806	981	1086	1.29e-12	76.6
NP_001353106.1	NP_001346787.1	32.323	99	67	0	2451	2549	73	171	1.60e-08	63.2
NP_001353106.1	NP_001346787.1	27.407	135	97	1	2449	2582	375	509	6.16e-08	61.2
NP_001353106.1	NP_001346787.1	29.524	105	74	0	2445	2549	203	307	2.00e-06	56.2
NP_001353106.1	NP_001346787.1	25.439	114	85	0	2445	2558	662	775	4.17e-05	51.6
NP_001353106.1	NP_001346787.1	38.667	75	46	0	2475	2549	554	628	0.008	44.3
NP_001353106.1	NP_001346786.1	28.261	184	108	3	2646	2826	1145	1307	1.34e-14	83.2
NP_001353106.1	NP_001346786.1	30.189	106	74	0	2701	2806	981	1086	1.29e-12	76.6
NP_001353106.1	NP_001346786.1	32.323	99	67	0	2451	2549	73	171	1.60e-08	63.2
NP_001353106.1	NP_001346786.1	27.407	135	97	1	2449	2582	375	509	6.16e-08	61.2
NP_001353106.1	NP_001346786.1	29.524	105	74	0	2445	2549	203	307	2.00e-06	56.2
NP_001353106.1	NP_001346786.1	25.439	114	85	0	2445	2558	662	775	4.17e-05	51.6
NP_001353106.1	NP_001346786.1	38.667	75	46	0	2475	2549	554	628	0.008	44.3
NP_001353106.1	XP_036015373.1	31.507	146	98	2	2137	2281	3834	3978	4.30e-14	81.6
NP_001353106.1	XP_036020904.1	29.452	146	101	2	2137	2281	3323	3467	6.07e-14	81.3
NP_001353106.1	XP_036020903.1	29.452	146	101	2	2137	2281	3323	3467	6.07e-14	81.3
NP_001353106.1	XP_017172169.1	31.507	146	98	2	2137	2281	5454	5598	8.14e-14	80.9
NP_001353106.1	XP_030104484.1	31.507	146	98	2	2137	2281	5455	5599	8.14e-14	80.9
NP_001353106.1	XP_017172168.1	31.507	146	98	2	2137	2281	5457	5601	8.21e-14	80.9
NP_001353106.1	XP_017172167.1	31.507	146	98	2	2137	2281	5458	5602	8.28e-14	80.9
NP_001353106.1	XP_030104483.1	31.507	146	98	2	2137	2281	5456	5600	8.35e-14	80.9
NP_001353106.1	XP_017172170.1	31.507	146	98	2	2137	2281	5453	5597	8.42e-14	80.5
NP_001353106.1	XP_017172166.1	31.507	146	98	2	2137	2281	5459	5603	8.42e-14	80.5
NP_001353106.1	XP_017172163.1	31.507	146	98	2	2137	2281	5460	5604	8.42e-14	80.5
NP_001353106.1	XP_036015372.1	31.507	146	98	2	2137	2281	5386	5530	8.48e-14	80.5
NP_001353106.1	XP_017172165.1	31.507	146	98	2	2137	2281	5459	5603	8.49e-14	80.5
NP_001353106.1	XP_017172164.1	31.507	146	98	2	2137	2281	5459	5603	8.56e-14	80.5
NP_001353106.1	NP_001028448.3	31.507	146	98	2	2137	2281	5440	5584	8.63e-14	80.5
NP_001353106.1	XP_017172171.1	31.507	146	98	2	2137	2281	5444	5588	8.70e-14	80.5
NP_001353106.1	XP_017172173.1	31.507	146	98	2	2137	2281	5441	5585	8.78e-14	80.5
NP_001353106.1	NP_001074852.1	29.452	146	101	2	2137	2281	4756	4900	1.62e-13	79.7
NP_001353106.1	NP_001074852.1	31.250	48	26	1	2590	2630	1085	1132	2.0	36.2
NP_001353106.1	XP_017176311.1	29.452	146	101	2	2137	2281	4823	4967	1.66e-13	79.7
NP_001353106.1	XP_017176311.1	31.250	48	26	1	2590	2630	1086	1133	2.0	36.6
NP_001353106.1	XP_017176310.1	29.452	146	101	2	2137	2281	4823	4967	1.66e-13	79.7
NP_001353106.1	XP_017176310.1	31.250	48	26	1	2590	2630	1086	1133	2.0	36.6
NP_001353106.1	XP_006535749.1	29.452	146	101	2	2137	2281	4827	4971	1.66e-13	79.7
NP_001353106.1	XP_006535749.1	31.250	48	26	1	2590	2630	1086	1133	2.1	36.2
NP_001353106.1	XP_006535748.1	29.452	146	101	2	2137	2281	4827	4971	1.66e-13	79.7
NP_001353106.1	XP_006535748.1	31.250	48	26	1	2590	2630	1086	1133	2.1	36.2
NP_001353106.1	XP_006535745.1	29.452	146	101	2	2137	2281	4828	4972	1.66e-13	79.7
NP_001353106.1	XP_006535745.1	31.250	48	26	1	2590	2630	1086	1133	2.0	36.2
NP_001353106.1	XP_006535757.1	29.452	146	101	2	2137	2281	4788	4932	1.67e-13	79.7
NP_001353106.1	XP_006535757.1	31.250	48	26	1	2590	2630	1046	1093	2.0	36.2
NP_001353106.1	XP_017176308.1	29.452	146	101	2	2137	2281	4827	4971	1.67e-13	79.7
NP_001353106.1	XP_017176308.1	31.250	48	26	1	2590	2630	1085	1132	2.1	36.2
NP_001353106.1	XP_006535746.1	29.452	146	101	2	2137	2281	4827	4971	1.67e-13	79.7
NP_001353106.1	XP_006535746.1	31.250	48	26	1	2590	2630	1085	1132	2.1	36.2
NP_001353106.1	XP_006535762.1	29.452	146	101	2	2137	2281	4701	4845	1.68e-13	79.7
NP_001353106.1	XP_006535762.1	31.250	48	26	1	2590	2630	1086	1133	2.2	36.2
NP_001353106.1	XP_017176314.1	29.452	146	101	2	2137	2281	4697	4841	1.70e-13	79.7
NP_001353106.1	XP_017176314.1	31.250	48	26	1	2590	2630	1086	1133	2.2	36.2
NP_001353106.1	XP_006535761.1	29.452	146	101	2	2137	2281	4702	4846	1.70e-13	79.7
NP_001353106.1	XP_006535761.1	31.250	48	26	1	2590	2630	1086	1133	2.2	36.2
NP_001353106.1	XP_017176313.1	29.452	146	101	2	2137	2281	4772	4916	1.70e-13	79.7
NP_001353106.1	XP_017176313.1	31.250	48	26	1	2590	2630	1046	1093	2.1	36.2
NP_001353106.1	XP_006535763.1	29.452	146	101	2	2137	2281	4698	4842	1.71e-13	79.7
NP_001353106.1	XP_006535763.1	31.250	48	26	1	2590	2630	1086	1133	2.2	36.2
NP_001353106.1	XP_006535756.1	29.452	146	101	2	2137	2281	4800	4944	1.72e-13	79.7
NP_001353106.1	XP_006535756.1	31.250	48	26	1	2590	2630	1086	1133	2.1	36.2
NP_001353106.1	XP_017176312.1	29.452	146	101	2	2137	2281	4803	4947	1.72e-13	79.7
NP_001353106.1	XP_017176312.1	31.250	48	26	1	2590	2630	1086	1133	2.1	36.2
NP_001353106.1	XP_036020905.1	29.452	146	101	2	2137	2281	4808	4952	1.72e-13	79.7
NP_001353106.1	XP_036020905.1	31.250	48	26	1	2590	2630	1086	1133	2.1	36.2
NP_001353106.1	XP_017176315.1	29.452	146	101	2	2137	2281	4674	4818	1.73e-13	79.7
NP_001353106.1	XP_017176315.1	31.250	48	26	1	2590	2630	1086	1133	2.2	36.2
NP_001353106.1	XP_006535760.1	29.452	146	101	2	2137	2281	4737	4881	1.73e-13	79.7
NP_001353106.1	XP_006535760.1	31.250	48	26	1	2590	2630	1046	1093	2.1	36.2
NP_001353106.1	XP_006535755.1	29.452	146	101	2	2137	2281	4804	4948	1.73e-13	79.7
NP_001353106.1	XP_006535755.1	31.250	48	26	1	2590	2630	1086	1133	2.1	36.2
NP_001353106.1	XP_006535751.1	29.452	146	101	2	2137	2281	4824	4968	1.73e-13	79.7
NP_001353106.1	XP_006535751.1	31.250	48	26	1	2590	2630	1086	1133	2.1	36.2
NP_001353106.1	XP_006535764.1	29.452	146	101	2	2137	2281	4678	4822	1.74e-13	79.7
NP_001353106.1	XP_006535764.1	31.250	48	26	1	2590	2630	1086	1133	2.2	36.2
NP_001353106.1	XP_030110235.1	29.452	146	101	2	2137	2281	4787	4931	1.74e-13	79.7
NP_001353106.1	XP_030110235.1	31.250	48	26	1	2590	2630	1045	1092	2.0	36.2
NP_001353106.1	XP_017176309.1	29.452	146	101	2	2137	2281	4826	4970	1.75e-13	79.7
NP_001353106.1	XP_017176309.1	31.250	48	26	1	2590	2630	1084	1131	2.1	36.2
NP_001353106.1	XP_011248068.1	29.452	146	101	2	2137	2281	4607	4751	1.78e-13	79.7
NP_001353106.1	XP_011248068.1	31.250	48	26	1	2590	2630	1046	1093	2.3	36.2
NP_001353106.1	XP_006535759.1	29.452	146	101	2	2137	2281	4777	4921	1.79e-13	79.7
NP_001353106.1	XP_006535759.1	31.250	48	26	1	2590	2630	1086	1133	2.0	36.6
NP_001353106.1	XP_006535753.1	29.452	146	101	2	2137	2281	4811	4955	1.79e-13	79.7
NP_001353106.1	XP_006535753.1	31.250	48	26	1	2590	2630	1085	1132	2.0	36.2
NP_001353106.1	XP_006535752.1	29.452	146	101	2	2137	2281	4812	4956	1.79e-13	79.7
NP_001353106.1	XP_006535752.1	31.250	48	26	1	2590	2630	1086	1133	2.0	36.2
NP_001353106.1	NP_001405821.1	38.571	70	41	1	2566	2633	636	705	2.30e-09	65.5
NP_001353106.1	NP_061365.3	41.667	84	44	2	2204	2282	1222	1305	2.31e-09	65.9
NP_001353106.1	NP_061365.3	26.606	109	74	3	2110	2218	788	890	9.10e-06	53.9
NP_001353106.1	NP_001157113.1	41.667	84	44	2	2204	2282	1222	1305	2.31e-09	65.9
NP_001353106.1	NP_001157113.1	26.606	109	74	3	2110	2218	788	890	9.10e-06	53.9
NP_001353106.1	XP_036019318.1	41.667	84	44	2	2204	2282	1221	1304	2.35e-09	65.9
NP_001353106.1	XP_036019318.1	26.606	109	74	3	2110	2218	787	889	9.33e-06	53.9
NP_001353106.1	NP_001157114.1	41.667	84	44	2	2204	2282	1221	1304	2.35e-09	65.9
NP_001353106.1	NP_001157114.1	26.606	109	74	3	2110	2218	787	889	9.33e-06	53.9
NP_001353106.1	NP_001405820.1	38.571	70	41	1	2566	2633	667	736	2.74e-09	65.5
NP_001353106.1	NP_001405819.1	37.500	72	43	1	2566	2635	636	707	4.23e-09	64.7
NP_001353106.1	NP_001405818.1	37.500	72	43	1	2566	2635	636	707	4.23e-09	64.7
NP_001353106.1	XP_030104406.1	37.500	72	43	1	2566	2635	637	708	4.30e-09	64.7
NP_001353106.1	NP_001405817.1	37.500	72	43	1	2566	2635	637	708	4.30e-09	64.7
NP_001353106.1	NP_001390741.1	40.000	70	42	0	2193	2262	544	613	4.58e-09	64.3
NP_001353106.1	XP_006520981.1	37.500	72	43	1	2566	2635	666	737	5.55e-09	64.3
NP_001353106.1	NP_001405816.1	37.500	72	43	1	2566	2635	666	737	5.55e-09	64.3
NP_001353106.1	XP_030104404.1	37.500	72	43	1	2566	2635	663	734	5.69e-09	64.3
NP_001353106.1	XP_006520982.1	37.500	72	43	1	2566	2635	663	734	5.69e-09	64.3
NP_001353106.1	XP_030104405.1	37.500	72	43	1	2566	2635	662	733	5.73e-09	64.3
NP_001353106.1	NP_001074878.1	37.500	72	43	1	2566	2635	662	733	5.73e-09	64.3
NP_001353106.1	XP_006520980.1	37.500	72	43	1	2566	2635	667	738	5.79e-09	64.3
NP_001353106.1	NP_001405815.1	37.500	72	43	1	2566	2635	667	738	5.79e-09	64.3
NP_001353106.1	XP_036015290.1	37.500	72	43	1	2566	2635	241	312	1.09e-08	63.2
NP_001353106.1	XP_036015289.1	37.500	72	43	1	2566	2635	241	312	1.09e-08	63.2
NP_001353106.1	XP_030104409.1	37.500	72	43	1	2566	2635	241	312	1.09e-08	63.2
NP_001353106.1	XP_030104408.1	37.500	72	43	1	2566	2635	241	312	1.09e-08	63.2
NP_001353106.1	XP_030104407.1	37.500	72	43	1	2566	2635	241	312	1.09e-08	63.2
NP_001353106.1	XP_036008237.1	26.316	152	108	2	2133	2280	149	300	2.41e-08	62.4
NP_001353106.1	XP_036008236.1	26.316	152	108	2	2133	2280	149	300	2.41e-08	62.4
NP_001353106.1	XP_036008235.1	26.316	152	108	2	2133	2280	149	300	2.41e-08	62.4
NP_001353106.1	XP_036008234.1	26.316	152	108	2	2133	2280	149	300	2.41e-08	62.4
NP_001353106.1	XP_036008233.1	26.316	152	108	2	2133	2280	149	300	2.41e-08	62.4
NP_001353106.1	XP_036008232.1	26.316	152	108	2	2133	2280	149	300	2.41e-08	62.4
NP_001353106.1	XP_036008231.1	26.316	152	108	2	2133	2280	149	300	2.41e-08	62.4
NP_001353106.1	XP_030111484.1	26.316	152	108	2	2133	2280	149	300	2.41e-08	62.4
NP_001353106.1	XP_030111483.1	26.316	152	108	2	2133	2280	149	300	2.41e-08	62.4
NP_001353106.1	XP_030111482.1	26.316	152	108	2	2133	2280	149	300	2.41e-08	62.4
NP_001353106.1	XP_030111481.1	26.316	152	108	2	2133	2280	149	300	2.41e-08	62.4
NP_001353106.1	XP_030111480.1	26.316	152	108	2	2133	2280	149	300	2.41e-08	62.4
NP_001353106.1	XP_030111478.1	26.316	152	108	2	2133	2280	149	300	2.41e-08	62.4
NP_001353106.1	XP_030111477.1	26.316	152	108	2	2133	2280	149	300	2.41e-08	62.4
NP_001353106.1	XP_030111476.1	26.316	152	108	2	2133	2280	149	300	2.41e-08	62.4
NP_001353106.1	XP_030111474.1	26.316	152	108	2	2133	2280	149	300	2.41e-08	62.4
NP_001353106.1	XP_030111473.1	26.316	152	108	2	2133	2280	149	300	2.41e-08	62.4
NP_001353106.1	XP_017177261.1	26.316	152	108	2	2133	2280	149	300	2.41e-08	62.4
NP_001353106.1	XP_017177260.1	26.316	152	108	2	2133	2280	149	300	2.41e-08	62.4
NP_001353106.1	XP_011239787.1	26.316	152	108	2	2133	2280	149	300	2.41e-08	62.4
NP_001353106.1	NP_082661.1	26.316	152	108	2	2133	2280	260	411	2.79e-08	62.4
NP_001353106.1	XP_036008230.1	26.316	152	108	2	2133	2280	222	373	3.04e-08	62.0
NP_001353106.1	XP_036008228.1	26.316	152	108	2	2133	2280	267	418	3.17e-08	62.0
NP_001353106.1	XP_036008227.1	26.316	152	108	2	2133	2280	267	418	3.17e-08	62.0
NP_001353106.1	XP_030111468.1	26.316	152	108	2	2133	2280	267	418	3.17e-08	62.0
NP_001353106.1	XP_030111467.1	26.316	152	108	2	2133	2280	267	418	3.17e-08	62.0
NP_001353106.1	XP_036008229.1	26.316	152	108	2	2133	2280	241	392	3.18e-08	62.0
NP_001353106.1	XP_030111472.1	26.316	152	108	2	2133	2280	241	392	3.18e-08	62.0
NP_001353106.1	XP_030111471.1	26.316	152	108	2	2133	2280	241	392	3.18e-08	62.0
NP_001353106.1	XP_030111470.1	26.316	152	108	2	2133	2280	241	392	3.18e-08	62.0
NP_001353106.1	XP_030111469.1	26.316	152	108	2	2133	2280	241	392	3.18e-08	62.0
NP_001353106.1	XP_011239786.1	26.316	152	108	2	2133	2280	241	392	3.18e-08	62.0
NP_001353106.1	XP_036008226.1	26.316	152	108	2	2133	2280	279	430	3.20e-08	62.0
NP_001353106.1	XP_011239784.1	26.316	152	108	2	2133	2280	279	430	3.20e-08	62.0
NP_001353106.1	NP_766593.1	26.316	152	108	2	2133	2280	279	430	3.20e-08	62.0
NP_001353106.1	XP_036008225.1	26.316	152	108	2	2133	2280	286	437	3.63e-08	62.0
NP_001353106.1	XP_036008224.1	26.316	152	108	2	2133	2280	286	437	3.63e-08	62.0
NP_001353106.1	XP_036008223.1	26.316	152	108	2	2133	2280	286	437	3.63e-08	62.0
NP_001353106.1	XP_011239782.1	26.316	152	108	2	2133	2280	286	437	3.63e-08	62.0
NP_001353106.1	XP_006506740.1	26.316	152	108	2	2133	2280	286	437	3.63e-08	62.0
NP_001353106.1	XP_036008238.1	27.778	126	87	2	2159	2280	312	437	8.81e-08	60.5
NP_001353106.1	NP_001307650.1	37.209	86	49	2	2201	2281	586	671	1.06e-07	60.1
NP_001353106.1	NP_001307650.1	33.333	69	42	2	2114	2179	299	366	0.002	46.2
NP_001353106.1	NP_001307649.1	37.209	86	49	2	2201	2281	608	693	1.08e-07	60.1
NP_001353106.1	NP_001307649.1	33.333	69	42	2	2114	2179	321	388	0.001	46.6
NP_001353106.1	XP_011240737.1	28.571	105	75	0	2445	2549	1461	1565	2.42e-07	59.3
NP_001353106.1	XP_011240738.1	28.571	105	75	0	2445	2549	1458	1562	2.55e-07	58.9
NP_001353106.1	XP_006510183.2	28.571	105	75	0	2445	2549	1425	1529	2.60e-07	58.9
NP_001353106.1	NP_001167550.1	28.571	105	75	0	2445	2549	1425	1529	2.60e-07	58.9
NP_001353106.1	XP_036017560.1	27.778	108	78	0	2444	2551	46	153	4.83e-07	55.5
NP_001353106.1	XP_030106911.1	27.778	108	78	0	2444	2551	46	153	4.83e-07	55.5
NP_001353106.1	XP_030106910.1	27.778	108	78	0	2444	2551	46	153	4.83e-07	55.5
NP_001353106.1	XP_030106909.1	27.778	108	78	0	2444	2551	46	153	4.83e-07	55.5
NP_001353106.1	XP_017173767.1	27.778	108	78	0	2444	2551	46	153	4.83e-07	55.5
NP_001353106.1	XP_017173766.1	27.778	108	78	0	2444	2551	46	153	4.83e-07	55.5
NP_001353106.1	XP_017173765.1	27.778	108	78	0	2444	2551	46	153	4.83e-07	55.5
NP_001353106.1	XP_006527354.1	27.778	108	78	0	2444	2551	46	153	4.83e-07	55.5
NP_001353106.1	NP_080279.1	27.778	108	78	0	2444	2551	46	153	4.83e-07	55.5
NP_001353106.1	XP_030106905.1	27.778	108	78	0	2444	2551	88	195	5.54e-07	55.8
NP_001353106.1	XP_030106907.1	27.778	108	78	0	2444	2551	86	193	5.80e-07	55.8
NP_001353106.1	XP_030106906.1	27.778	108	78	0	2444	2551	86	193	5.80e-07	55.8
NP_001353106.1	XP_006527352.1	27.778	108	78	0	2444	2551	86	193	5.80e-07	55.8
NP_001353106.1	XP_006527351.1	27.778	108	78	0	2444	2551	86	193	5.80e-07	55.8
NP_001353106.1	NP_001334368.1	27.778	108	78	0	2444	2551	86	193	5.80e-07	55.8
NP_001353106.1	NP_035546.2	27.778	108	78	0	2444	2551	1393	1500	8.49e-07	57.4
NP_001353106.1	NP_001392061.1	27.778	108	78	0	2444	2551	1393	1500	8.49e-07	57.4
NP_001353106.1	NP_001392060.1	27.778	108	78	0	2444	2551	1393	1500	8.49e-07	57.4
NP_001353106.1	NP_001392059.1	27.778	108	78	0	2444	2551	1393	1500	8.49e-07	57.4
NP_001353106.1	NP_001392317.1	29.565	115	76	2	2155	2264	169	283	1.00e-06	55.5
NP_001353106.1	NP_001297656.1	29.565	115	76	2	2155	2264	169	283	1.00e-06	55.5
NP_001353106.1	NP_001297654.1	29.565	115	76	2	2155	2264	169	283	1.00e-06	55.5
NP_001353106.1	NP_001392319.1	29.565	115	76	2	2155	2264	218	332	1.55e-06	55.1
NP_001353106.1	NP_084517.2	29.565	115	76	2	2155	2264	224	338	1.61e-06	55.1
NP_001353106.1	NP_001297652.1	29.565	115	76	2	2155	2264	238	352	1.98e-06	55.1
NP_001353106.1	XP_036017407.1	34.615	78	49	1	2560	2635	492	569	2.92e-06	55.5
NP_001353106.1	XP_036017406.1	34.615	78	49	1	2560	2635	492	569	2.92e-06	55.5
NP_001353106.1	XP_036017404.1	34.615	78	49	1	2560	2635	492	569	2.92e-06	55.5
NP_001353106.1	XP_036017408.1	34.615	78	49	1	2560	2635	491	568	3.15e-06	55.1
NP_001353106.1	XP_017173316.1	34.615	78	49	1	2560	2635	575	652	3.28e-06	55.1
NP_001353106.1	NP_766262.2	34.615	78	49	1	2560	2635	630	707	3.30e-06	55.1
NP_001353106.1	XP_036021341.1	29.565	115	76	2	2155	2264	246	360	4.45e-06	53.9
NP_001353106.1	XP_011240739.1	28.302	106	75	1	2445	2549	1481	1586	4.80e-06	54.7
NP_001353106.1	XP_011240740.1	28.302	106	75	1	2445	2549	1461	1566	4.83e-06	54.7
NP_001353106.1	XP_011240736.1	28.302	106	75	1	2445	2549	1461	1566	4.83e-06	54.7
NP_001353106.1	XP_006499401.1	34.615	78	49	1	2560	2635	474	551	4.95e-06	54.7
NP_001353106.1	XP_006510185.2	28.302	106	75	1	2445	2549	1458	1563	5.04e-06	54.7
NP_001353106.1	NP_001344693.1	28.302	106	75	1	2445	2549	1458	1563	5.04e-06	54.7
NP_001353106.1	XP_006510182.2	28.302	106	75	1	2445	2549	1425	1530	5.24e-06	54.7
NP_001353106.1	NP_035547.2	28.302	106	75	1	2445	2549	1425	1530	5.24e-06	54.7
NP_001353106.1	XP_006510180.2	28.302	106	75	1	2445	2549	1428	1533	5.33e-06	54.7
NP_001353106.1	NP_001167549.1	28.302	106	75	1	2445	2549	1428	1533	5.33e-06	54.7
NP_001353106.1	XP_036017417.1	34.615	78	49	1	2560	2635	224	301	6.07e-06	53.9
NP_001353106.1	XP_036017416.1	34.615	78	49	1	2560	2635	224	301	6.07e-06	53.9
NP_001353106.1	XP_006499402.1	34.615	78	49	1	2560	2635	224	301	6.07e-06	53.9
NP_001353106.1	XP_030100011.1	28.571	105	74	1	2445	2548	713	817	9.02e-06	53.9
NP_001353106.1	XP_006532743.1	38.462	65	40	0	2467	2531	3002	3066	3.72e-05	52.0
NP_001353106.1	XP_006532743.1	35.849	53	29	3	2581	2628	2917	2969	0.008	44.3
NP_001353106.1	XP_006532742.1	38.462	65	40	0	2467	2531	3006	3070	3.75e-05	52.0
NP_001353106.1	XP_006532742.1	30.380	79	49	4	2556	2628	2895	2973	0.005	45.1
NP_001353106.1	XP_006532742.1	32.075	53	31	2	2581	2628	2863	2915	0.077	41.2
NP_001353106.1	XP_006532747.1	38.462	65	40	0	2467	2531	3002	3066	3.81e-05	52.0
NP_001353106.1	XP_006532747.1	35.849	53	29	3	2581	2628	2917	2969	0.008	44.3
NP_001353106.1	XP_006532739.1	38.462	65	40	0	2467	2531	3059	3123	3.82e-05	52.0
NP_001353106.1	XP_006532739.1	30.380	79	49	4	2556	2628	2948	3026	0.005	45.1
NP_001353106.1	XP_006532739.1	32.075	53	31	2	2581	2628	2916	2968	0.074	41.2
NP_001353106.1	XP_006532738.1	38.462	65	40	0	2467	2531	3060	3124	3.82e-05	52.0
NP_001353106.1	XP_006532738.1	30.380	79	49	4	2556	2628	2949	3027	0.005	45.1
NP_001353106.1	XP_006532738.1	32.075	53	31	2	2581	2628	2917	2969	0.075	41.2
NP_001353106.1	XP_006532740.1	38.462	65	40	0	2467	2531	3060	3124	3.85e-05	52.0
NP_001353106.1	XP_006532740.1	30.380	79	49	4	2556	2628	2949	3027	0.005	45.1
NP_001353106.1	XP_006532740.1	32.075	53	31	2	2581	2628	2917	2969	0.077	41.2
NP_001353106.1	XP_036012375.1	38.462	65	40	0	2467	2531	2948	3012	3.87e-05	52.0
NP_001353106.1	XP_036012375.1	35.849	53	29	3	2581	2628	2863	2915	0.009	44.3
NP_001353106.1	XP_006532749.1	38.462	65	40	0	2467	2531	2948	3012	3.87e-05	52.0
NP_001353106.1	XP_006532749.1	35.849	53	29	3	2581	2628	2863	2915	0.008	44.3
NP_001353106.1	XP_006532745.1	38.462	65	40	0	2467	2531	2997	3061	3.91e-05	52.0
NP_001353106.1	XP_006532745.1	30.380	79	49	4	2556	2628	2886	2964	0.004	45.1
NP_001353106.1	XP_006532745.1	32.075	53	31	2	2581	2628	2854	2906	0.071	41.2
NP_001353106.1	XP_017169888.1	38.462	65	40	0	2467	2531	2869	2933	3.93e-05	52.0
NP_001353106.1	XP_017169888.1	35.849	53	29	3	2581	2628	2784	2836	0.008	44.3
NP_001353106.1	XP_006532746.1	38.462	65	40	0	2467	2531	2996	3060	3.94e-05	52.0
NP_001353106.1	XP_006532746.1	30.380	79	49	4	2556	2628	2885	2963	0.004	45.1
NP_001353106.1	XP_006532746.1	32.075	53	31	2	2581	2628	2853	2905	0.071	41.2
NP_001353106.1	XP_006532744.1	38.462	65	40	0	2467	2531	2998	3062	3.94e-05	52.0
NP_001353106.1	XP_006532744.1	30.380	79	49	4	2556	2628	2887	2965	0.004	45.1
NP_001353106.1	XP_006532744.1	32.075	53	31	2	2581	2628	2855	2907	0.071	41.2
NP_001353106.1	XP_006532752.1	38.462	65	40	0	2467	2531	2873	2937	3.96e-05	52.0
NP_001353106.1	XP_006532752.1	30.380	79	49	4	2556	2628	2762	2840	0.005	45.1
NP_001353106.1	XP_006532752.1	32.075	53	31	2	2581	2628	2730	2782	0.080	41.2
NP_001353106.1	XP_006532753.1	38.462	65	40	0	2467	2531	2815	2879	3.99e-05	52.0
NP_001353106.1	XP_006532753.1	35.849	53	29	3	2581	2628	2730	2782	0.008	44.3
NP_001353106.1	XP_030101593.1	38.462	65	40	0	2467	2531	2927	2991	4.00e-05	52.0
NP_001353106.1	XP_030101593.1	30.380	79	49	4	2556	2628	2816	2894	0.005	45.1
NP_001353106.1	XP_030101593.1	32.075	53	31	2	2581	2628	2784	2836	0.075	41.2
NP_001353106.1	XP_036012380.1	38.462	65	40	0	2467	2531	2815	2879	4.06e-05	52.0
NP_001353106.1	XP_036012380.1	35.849	53	29	3	2581	2628	2730	2782	0.009	44.3
NP_001353106.1	XP_036012377.1	38.462	65	40	0	2467	2531	2873	2937	4.06e-05	52.0
NP_001353106.1	XP_036012377.1	30.380	79	49	4	2556	2628	2762	2840	0.005	45.1
NP_001353106.1	XP_036012377.1	32.075	53	31	2	2581	2628	2730	2782	0.082	40.8
NP_001353106.1	XP_006532751.1	38.462	65	40	0	2467	2531	2927	2991	4.07e-05	52.0
NP_001353106.1	XP_006532751.1	30.380	79	49	4	2556	2628	2816	2894	0.005	45.1
NP_001353106.1	XP_006532751.1	32.075	53	31	2	2581	2628	2784	2836	0.073	41.2
NP_001353106.1	XP_036012379.1	38.462	65	40	0	2467	2531	2811	2875	4.09e-05	52.0
NP_001353106.1	XP_036012379.1	30.380	79	49	4	2556	2628	2700	2778	0.004	45.1
NP_001353106.1	XP_036012379.1	32.075	53	31	2	2581	2628	2668	2720	0.076	41.2
NP_001353106.1	XP_006532750.1	38.462	65	40	0	2467	2531	2935	2999	4.14e-05	52.0
NP_001353106.1	XP_006532750.1	30.380	79	49	4	2556	2628	2824	2902	0.004	45.4
NP_001353106.1	XP_006532750.1	32.075	53	31	2	2581	2628	2792	2844	0.070	41.2
NP_001353106.1	NP_789820.2	38.462	65	40	0	2467	2531	2823	2887	4.16e-05	52.0
NP_001353106.1	NP_789820.2	35.849	53	29	3	2581	2628	2738	2790	0.007	44.3
NP_001353106.1	XP_036012381.1	38.462	65	40	0	2467	2531	2748	2812	4.19e-05	52.0
NP_001353106.1	XP_036012381.1	30.380	79	49	4	2556	2628	2637	2715	0.004	45.1
NP_001353106.1	XP_036012381.1	32.075	53	31	2	2581	2628	2605	2657	0.074	41.2
NP_001353106.1	NP_001346519.1	38.462	65	40	0	2467	2531	2690	2754	4.22e-05	52.0
NP_001353106.1	NP_001346519.1	35.849	53	29	3	2581	2628	2605	2657	0.008	44.3
NP_001353106.1	XP_006500679.1	26.882	93	54	2	2550	2628	224	316	1.21e-04	50.4
NP_001353106.1	XP_006500678.1	26.882	93	54	2	2550	2628	224	316	1.21e-04	50.4
NP_001353106.1	XP_006500675.1	26.882	93	54	2	2550	2628	224	316	1.21e-04	50.4
NP_001353106.1	XP_006500674.1	26.882	93	54	2	2550	2628	224	316	1.21e-04	50.4
NP_001353106.1	XP_006500673.1	26.882	93	54	2	2550	2628	224	316	1.21e-04	50.4
NP_001353106.1	XP_006500672.1	26.882	93	54	2	2550	2628	224	316	1.21e-04	50.4
NP_001353106.1	XP_006500671.1	26.882	93	54	2	2550	2628	224	316	1.21e-04	50.4
NP_001353106.1	NP_780760.2	26.882	93	54	2	2550	2628	224	316	1.21e-04	50.4
NP_001353106.1	XP_011239182.1	45.098	51	28	0	2482	2532	1073	1123	3.14e-04	48.9
NP_001353106.1	NP_035844.2	45.098	51	28	0	2482	2532	1371	1421	4.17e-04	48.5
NP_001353106.1	NP_808520.2	27.473	91	52	2	2552	2628	226	316	4.37e-04	48.5
NP_001353106.1	NP_001278362.1	27.473	91	52	2	2552	2628	226	316	4.37e-04	48.5
NP_001353106.1	NP_001307654.1	33.750	80	48	2	2201	2275	608	687	6.31e-04	47.8
NP_001353106.1	NP_001307654.1	33.333	69	42	2	2114	2179	321	388	0.002	45.8
NP_001353106.1	XP_011239699.1	29.167	96	62	1	2451	2546	284	373	8.02e-04	47.4
NP_001353106.1	XP_017177148.1	29.474	95	61	1	2452	2546	426	514	0.001	47.0
NP_001353106.1	XP_011239698.1	29.474	95	61	1	2452	2546	398	486	0.001	47.0
NP_001353106.1	XP_011239700.1	29.474	95	61	1	2452	2546	426	514	0.001	47.0
NP_001353106.1	NP_001355635.1	29.474	95	61	1	2452	2546	426	514	0.001	47.0
NP_001353106.1	XP_036022147.1	29.474	95	61	1	2452	2546	398	486	0.001	47.0
NP_001353106.1	XP_036022148.1	29.474	95	61	1	2452	2546	426	514	0.001	47.0
NP_001353106.1	XP_030111347.1	29.474	95	61	1	2452	2546	398	486	0.001	47.0
NP_001353106.1	NP_001121623.1	29.474	95	61	1	2452	2546	426	514	0.001	47.0
NP_001353106.1	XP_030111348.1	29.474	95	61	1	2452	2546	426	514	0.001	47.0
NP_001353106.1	XP_036022149.1	29.474	95	61	1	2452	2546	426	514	0.001	46.6
NP_001353106.1	NP_001392065.1	23.810	126	78	1	2444	2551	1393	1518	0.002	46.2
NP_001353106.1	NP_001392064.1	23.810	126	78	1	2444	2551	1393	1518	0.002	46.2
NP_001353106.1	NP_001392063.1	23.810	126	78	1	2444	2551	1393	1518	0.002	46.2
NP_001353106.1	NP_001392062.1	23.810	126	78	1	2444	2551	1393	1518	0.002	46.2
NP_001353106.1	NP_808489.4	21.860	215	103	8	2464	2628	1075	1274	0.002	46.2
NP_001353106.1	XP_006527349.1	23.810	126	78	1	2444	2551	1317	1442	0.002	45.8
NP_001353106.1	NP_035935.2	26.882	93	54	2	2550	2628	224	316	0.003	45.4
NP_001353106.1	NP_001278361.1	26.882	93	54	2	2550	2628	224	316	0.003	45.4
NP_001353106.1	XP_006532741.1	27.027	111	58	7	2524	2628	2934	3027	0.005	45.1
NP_001353106.1	XP_006532741.1	32.075	53	31	2	2581	2628	2917	2969	0.079	41.2
NP_001353106.1	XP_036012376.1	27.027	111	58	7	2524	2628	2801	2894	0.005	45.1
NP_001353106.1	XP_036012376.1	32.075	53	31	2	2581	2628	2784	2836	0.078	41.2
NP_001353106.1	NP_001033099.1	33.766	77	51	0	2468	2544	742	818	0.005	44.7
NP_001353106.1	XP_036012378.1	30.380	79	49	4	2556	2628	2762	2840	0.005	45.1
NP_001353106.1	XP_036012378.1	32.075	53	31	2	2581	2628	2730	2782	0.085	40.8
NP_001353106.1	NP_064388.2	33.766	77	51	0	2468	2544	743	819	0.006	44.7
NP_001353106.1	XP_011241589.1	28.431	102	70	2	2452	2553	1243	1341	0.007	44.7
NP_001353106.1	XP_030100692.1	28.571	98	67	2	2452	2549	1784	1878	0.007	44.3
NP_001353106.1	XP_030100691.1	28.571	98	67	2	2452	2549	1784	1878	0.007	44.3
NP_001353106.1	XP_030100690.1	28.571	98	67	2	2452	2549	1784	1878	0.007	44.3
NP_001353106.1	XP_011241586.1	28.571	98	67	2	2452	2549	1784	1878	0.007	44.3
NP_001353106.1	XP_011241585.1	28.571	98	67	2	2452	2549	1784	1878	0.007	44.3
NP_001353106.1	XP_011241584.1	28.571	98	67	2	2452	2549	1784	1878	0.007	44.3
NP_001353106.1	XP_011241582.1	28.571	98	67	2	2452	2549	1784	1878	0.007	44.3
NP_001353106.1	XP_011241580.1	28.571	98	67	2	2452	2549	1784	1878	0.007	44.3
NP_001353106.1	XP_036011412.1	28.571	98	67	2	2452	2549	1782	1876	0.007	44.3
NP_001353106.1	XP_030100695.1	28.571	98	67	2	2452	2549	1783	1877	0.007	44.3
NP_001353106.1	XP_030100694.1	28.571	98	67	2	2452	2549	1783	1877	0.007	44.3
NP_001353106.1	XP_030100693.1	28.571	98	67	2	2452	2549	1783	1877	0.007	44.3
NP_001353106.1	XP_011241588.1	28.571	98	67	2	2452	2549	1783	1877	0.007	44.3
NP_001353106.1	XP_011241587.1	28.571	98	67	2	2452	2549	1783	1877	0.007	44.3
NP_001353106.1	XP_006513178.1	28.571	98	67	2	2452	2549	1783	1877	0.007	44.3
NP_001353106.1	XP_006513177.1	28.571	98	67	2	2452	2549	1783	1877	0.007	44.3
NP_001353106.1	NP_473419.2	28.571	98	67	2	2452	2549	1783	1877	0.007	44.3
NP_001353106.1	NP_035208.2	36.735	49	26	2	2586	2629	6	54	0.007	44.3
NP_001353106.1	XP_030101595.1	35.849	53	29	3	2581	2628	2784	2836	0.008	44.3
NP_001353106.1	XP_006532748.1	35.849	53	29	3	2581	2628	2917	2969	0.009	44.3
NP_001353106.1	XP_006521817.1	22.685	216	100	10	2464	2628	1075	1274	0.011	43.9
NP_001353106.1	NP_001020603.1	22.685	216	100	10	2464	2628	1113	1312	0.011	43.9
NP_001353106.1	XP_030107232.1	36.735	49	26	2	2586	2629	6	54	0.012	43.5
NP_001353106.1	XP_006528943.1	36.735	49	26	2	2586	2629	6	54	0.012	43.5
NP_001353106.1	XP_006528940.1	36.735	49	26	2	2586	2629	6	54	0.012	43.5
NP_001353106.1	XP_006528938.1	36.735	49	26	2	2586	2629	6	54	0.012	43.5
NP_001353106.1	NP_001106825.1	36.735	49	26	2	2586	2629	6	54	0.012	43.5
NP_001353106.1	NP_001028446.2	29.070	86	61	0	2478	2563	594	679	0.013	43.5
NP_001353106.1	NP_001028446.2	33.898	59	33	3	2582	2634	212	270	1.9	36.2
NP_001353106.1	XP_036015261.1	29.070	86	61	0	2478	2563	594	679	0.013	43.5
NP_001353106.1	XP_036015261.1	33.898	59	33	3	2582	2634	212	270	2.1	36.2
NP_001353106.1	XP_030107233.1	36.735	49	26	2	2586	2629	6	54	0.019	42.7
NP_001353106.1	XP_006528942.1	36.735	49	26	2	2586	2629	6	54	0.019	42.7
NP_001353106.1	XP_006528941.1	36.735	49	26	2	2586	2629	6	54	0.019	42.7
NP_001353106.1	XP_006520898.1	29.070	86	61	0	2478	2563	594	679	0.019	42.7
NP_001353106.1	XP_006520898.1	33.898	59	33	3	2582	2634	212	270	3.3	35.4
NP_001353106.1	XP_006521152.1	21.778	225	101	9	2464	2628	1075	1284	0.021	43.1
NP_001353106.1	XP_006521815.1	28.750	80	51	1	2464	2543	1108	1181	0.021	43.1
NP_001353106.1	XP_006521154.1	21.778	225	101	9	2464	2628	1029	1238	0.021	42.7
NP_001353106.1	XP_006520899.1	29.070	86	61	0	2478	2563	594	679	0.021	42.7
NP_001353106.1	XP_006520899.1	33.898	59	33	3	2582	2634	212	270	3.5	35.4
NP_001353106.1	XP_006521814.1	28.750	80	51	1	2464	2543	1113	1186	0.022	42.7
NP_001353106.1	XP_036016521.1	33.898	59	39	0	2482	2540	624	682	0.022	42.7
NP_001353106.1	XP_006524395.1	33.898	59	39	0	2482	2540	126	184	0.022	42.7
NP_001353106.1	XP_006521816.1	28.750	80	51	1	2464	2543	1075	1148	0.023	42.7
NP_001353106.1	XP_006524393.1	33.898	59	39	0	2482	2540	624	682	0.023	42.7
NP_001353106.1	XP_006524391.1	33.898	59	39	0	2482	2540	624	682	0.024	42.7
NP_001353106.1	XP_030105690.1	33.898	59	39	0	2482	2540	624	682	0.027	42.4
NP_001353106.1	XP_006524389.1	33.898	59	39	0	2482	2540	624	682	0.027	42.4
NP_001353106.1	NP_001074784.1	33.898	59	39	0	2482	2540	624	682	0.027	42.4
NP_001353106.1	XP_006524394.1	33.898	59	39	0	2482	2540	624	682	0.029	42.4
NP_001353106.1	NP_796175.1	36.735	49	26	2	2586	2629	6	54	0.033	42.0
NP_001353106.1	NP_001349950.1	27.500	120	75	3	2408	2527	126	233	0.048	41.2
NP_001353106.1	NP_064389.2	28.916	83	59	0	2468	2550	726	808	0.048	41.6
NP_001353106.1	NP_001177775.1	28.916	83	59	0	2468	2550	648	730	0.049	41.6
NP_001353106.1	NP_001239516.1	27.500	120	75	3	2408	2527	121	228	0.049	41.2
NP_001353106.1	XP_006523883.1	28.571	84	60	0	2468	2551	587	670	0.073	40.8
NP_001353106.1	NP_001345231.1	29.688	64	45	0	2462	2525	141	204	0.076	39.7
NP_001353106.1	XP_017173633.1	26.241	141	97	5	2149	2289	161	294	0.087	40.8
NP_001353106.1	XP_036017423.1	26.241	141	97	5	2149	2289	138	271	0.096	40.4
NP_001353106.1	XP_017174587.1	30.108	93	61	3	2452	2543	2049	2138	0.10	40.8
NP_001353106.1	XP_030107702.1	30.108	93	61	3	2452	2543	2038	2127	0.10	40.8
NP_001353106.1	XP_030107700.1	32.787	61	41	0	2483	2543	2093	2153	0.10	40.4
NP_001353106.1	XP_017174585.1	30.108	93	61	3	2452	2543	2058	2147	0.10	40.4
NP_001353106.1	XP_017174584.1	30.108	93	61	3	2452	2543	2058	2147	0.10	40.4
NP_001353106.1	XP_017174583.1	30.108	93	61	3	2452	2543	2062	2151	0.10	40.4
NP_001353106.1	XP_017174586.1	30.108	93	61	3	2452	2543	2051	2140	0.10	40.4
NP_001353106.1	XP_017174581.1	32.787	61	41	0	2483	2543	2102	2162	0.10	40.4
NP_001353106.1	XP_030107701.1	30.108	93	61	3	2452	2543	2060	2149	0.11	40.4
NP_001353106.1	XP_030107697.1	30.108	93	61	3	2452	2543	2095	2184	0.11	40.4
NP_001353106.1	XP_030107696.1	30.108	93	61	3	2452	2543	2095	2184	0.11	40.4
NP_001353106.1	XP_030107695.1	30.108	93	61	3	2452	2543	2095	2184	0.11	40.4
NP_001353106.1	XP_017174578.1	30.108	93	61	3	2452	2543	2095	2184	0.11	40.4
NP_001353106.1	XP_030107699.1	30.108	93	61	3	2452	2543	2075	2164	0.11	40.4
NP_001353106.1	XP_030107698.1	32.787	61	41	0	2483	2543	2115	2175	0.11	40.4
NP_001353106.1	XP_036018250.1	32.787	61	41	0	2483	2543	2124	2184	0.11	40.4
NP_001353106.1	XP_017174577.1	32.787	61	41	0	2483	2543	2124	2184	0.11	40.4
NP_001353106.1	XP_036018254.1	32.787	61	41	0	2483	2543	2037	2097	0.11	40.4
NP_001353106.1	XP_030107707.1	32.787	61	41	0	2483	2543	2052	2112	0.11	40.4
NP_001353106.1	NP_001001182.2	32.787	61	41	0	2483	2543	2052	2112	0.11	40.4
NP_001353106.1	XP_036018253.1	32.787	61	41	0	2483	2543	2050	2110	0.11	40.4
NP_001353106.1	XP_036018249.1	30.108	93	61	3	2452	2543	2097	2186	0.11	40.4
NP_001353106.1	XP_030107692.1	30.108	93	61	3	2452	2543	2097	2186	0.11	40.4
NP_001353106.1	XP_030107691.1	30.108	93	61	3	2452	2543	2097	2186	0.11	40.4
NP_001353106.1	XP_030107690.1	30.108	93	61	3	2452	2543	2097	2186	0.11	40.4
NP_001353106.1	XP_030107689.1	30.108	93	61	3	2452	2543	2097	2186	0.11	40.4
NP_001353106.1	XP_030107688.1	30.108	93	61	3	2452	2543	2097	2186	0.11	40.4
NP_001353106.1	XP_030107687.1	30.108	93	61	3	2452	2543	2097	2186	0.11	40.4
NP_001353106.1	XP_017174574.1	30.108	93	61	3	2452	2543	2097	2186	0.11	40.4
NP_001353106.1	XP_017174573.1	30.108	93	61	3	2452	2543	2097	2186	0.11	40.4
NP_001353106.1	XP_011237974.1	30.108	93	61	3	2452	2543	2097	2186	0.11	40.4
